0.000042 0.0000135 0.00001 0.0009 0.0003 0.0009
0.00009 0.00091 0.00001 0.00045 0.0007 0.00045
0.033788 0.0000062 0.00001 0.0009 0.0009 0.0009
0.00034 0.0000775 0.00001 0.0009 0.0001 0.0001
0.00021 0.0000675 0.00005 0.01 0.03 0.01
0.00045 0.00455 0.00005 0.01 0.06 0.01
0.16894 0.000166 0.00005 0.01 0.06 0.01
0.0017 0.0003875 0.00005 0.005 0.06 0.005
0.000042 0.0000135 0.00001 0.0009 0.0003 0.0009
0.00009 0.00091 0.00001 0.00045 0.0009 0.00045
0.033788 0.0000332 0.00001 0.0009 0.0009 0.0009
0.00034 0.0000775 0.00001 0.0009 0.0005 0.0009
0.00001 0.25 0.00001 0.015 0.05 0.015
0.25 0.029 0.00001 0.015 0.07 0.015
0.15901 0.44 0.00001 0.06 0.07 0.06
0.00005 1.25 0.00005 6 15 6
1.25 0.145 0.00005 6 15 6
0.79505 2.2 0.00005 2 2.5 2
0.00001 0.25 0.00001 0.015 0.05 0.015
0.25 0.029 0.00001 0.015 0.07 0.015
0.15901 0.44 0.00001 0.06 0.07 0.06
0.00321 0.00097 0.00001 0.00135 0.0018 0.00135
0.00321 0.002 0.00001 0.0009 0.002 0.0009
0.00321 0.004 0.00001 0.00135 0.0014 0.00135
0.01605 0.00485 0.00005 7.5 10 7.5
0.01605 0.01 0.00005 15 15 15
0.01605 0.02 0.00005 30 30 30
0.00321 0.00097 0.00001 0.00135 0.0018 0.00135
0.00321 0.002 0.00001 0.0009 0.002 0.0009
0.00321 0.004 0.00001 0.00135 0.0014 0.00135
0.00001 0.0091 0.00001 0.03 0.4 0.3
0.00611 0.029 0.00001 0.03 0.4 0.3
0.00005 0.0455 0.00005 0.4 0.6 0.4
0.03055 0.145 0.00005 0.4 0.6 0.4
0.00001 0.0091 0.00001 0.03 0.4 0.3
0.00611 0.029 0.00001 0.03 0.4 0.3
0.00001 0.000031 0.00001 0.001 0.001 0.001
0.00001 0.000711 0.00001 0.001 0.001 0.001
0.000041 0.00068 0.00001 0.001 0.001 0.001
0.000041 0.006131 0.00001 0.001 0.001 0.001
0.00001 0.0013 0.00001 0.001 0.001 0.001
0.00001 0.004 0.00001 0.001 0.001 0.001
0.00005 0.000155 0.00005 0.015 0.05 0.015
0.00005 0.003555 0.00005 0.015 0.05 0.015
0.000205 0.0034 0.00005 0.03 0.05 0.03
0.000205 0.037 0.00005 0.03 0.05 0.03
0.00005 0.0065 0.00005 0.015 0.03 0.015
0.00005 0.02 0.00005 0.015 0.03 0.015
0.00001 0.000031 0.00001 0.001 0.001 0.001
0.00001 0.000711 0.00001 0.001 0.001 0.001
0.000041 0.00068 0.00001 0.001 0.001 0.001
0.000041 0.0074 0.00001 0.001 0.001 0.001
0.00001 0.0013 0.00001 0.001 0.001 0.001
0.00001 0.004 0.00001 0.001 0.001 0.001