0.0000555 0.00001 0.0009 0.0003 0.0009
0.001 0.00001 0.00045 0.0007 0.00045
0.0337942 0.00001 0.0009 0.0009 0.0009
0.0004175 0.00001 0.0009 0.0001 0.0009
0.0002775 0.00005 0.01 0.03 0.01
0.005 0.00005 0.01 0.06 0.01
0.169106 0.00005 0.01 0.06 0.01
0.0020875 0.00005 0.005 0.06 0.005
0.0000555 0.00001 0.0009 0.0003 0.0009
0.001 0.00001 0.00045 0.0009 0.00045
0.0338212 0.00001 0.0009 0.0009 0.0009
0.0004175 0.00001 0.0009 0.0005 0.0009
0.25001 0.00001 0.015 0.05 0.015
0.279 0.00001 0.015 0.07 0.015
0.59901 0.00001 0.06 0.07 0.06
1.25005 0.00005 6 15 6
1.395 0.00005 6 15 6
2.99505 0.00005 2 2.5 2
0.25001 0.00001 0.015 0.05 0.015
0.279 0.00001 0.015 0.07 0.015
0.59901 0.00001 0.06 0.07 0.06
0.00418 0.00001 0.00135 0.0018 0.00135
0.00521 0.00001 0.0009 0.002 0.0009
0.00721 0.00001 0.00135 0.0014 0.00135
0.0209 0.00005 7.5 10 7.5
0.02605 0.00005 15 15 15
0.03605 0.00005 30 30 30
0.00418 0.00001 0.00135 0.0018 0.00135
0.00521 0.00001 0.0009 0.002 0.0009
0.00721 0.00001 0.00135 0.0014 0.00135
0.00911 0.00001 0.03 0.4 0.03
0.03511 0.00001 0.03 0.4 0.03
0.04555 0.00005 0.4 0.6 0.4
0.17555 0.00005 0.4 0.6 0.4
0.00911 0.00001 0.03 0.4 0.03
0.03511 0.00001 0.03 0.4 0.03
0.000041 0.00001 0.001 0.001 0.001
0.000721 0.00001 0.001 0.001 0.001
0.000721 0.00001 0.001 0.001 0.001
0.006172 0.00001 0.001 0.001 0.001
0.00131 0.00001 0.001 0.001 0.001
0.00401 0.00001 0.001 0.001 0.001
0.00001 0.0031 0.000333333 0.0004 0.000333333
0.000205 0.00005 0.015 0.05 0.015
0.003605 0.00005 0.015 0.05 0.015
0.003605 0.00005 0.03 0.05 0.03
0.037205 0.00005 0.03 0.05 0.03
0.00655 0.00005 0.015 0.03 0.015
0.02005 0.00005 0.015 0.03 0.015
0.00005 0.0155 0.01 0.02 0.01
0.000041 0.00001 0.001 0.001 0.001
0.000721 0.00001 0.001 0.001 0.001
0.000721 0.00001 0.001 0.001 0.001
0.007441 0.00001 0.001 0.001 0.001
0.00131 0.00001 0.001 0.001 0.001
0.00401 0.00001 0.001 0.001 0.001
0.00001 0.0031 0.000333333 0.0004 0.000333333