611
3 29.662252 7.000000 38.837748 12.000000 144.000000 0.000000
3 39.361147 15.000000 26.888853 7.000000 130.500000 0.000000
3 49.412981 18.000000 46.587019 16.000000 189.000000 0.000000
4 26.691729 8.000000 26.692222 8.000000 23.116049 6.000000 155.000000 0.000000
3 26.716691 8.000000 37.783309 16.000000 136.000000 0.000000
3 41.499997 13.000000 41.500003 13.000000 168.000000 0.000000
3 49.140785 12.000000 44.859215 10.000000 185.000000 0.000000
3 24.733767 4.000000 41.016233 11.000000 139.500000 0.000000
3 40.443933 8.000000 51.556067 13.000000 190.000000 0.000000
3 44.079993 11.000000 47.920007 13.000000 185.000000 0.000000
3 50.500004 14.000000 50.499996 14.000000 205.000000 0.000000
3 30.512823 9.000000 45.487177 20.000000 160.000000 0.000000
3 50.524345 13.000000 46.475655 11.000000 198.000000 0.000000
4 33.138541 9.000000 29.225436 7.000000 36.636023 11.000000 200.000000 0.000000
3 24.145555 7.000000 22.354445 6.000000 96.000000 0.000000
4 44.711250 13.000000 39.214360 10.000000 35.074390 8.000000 245.000000 0.000000
3 19.950736 6.000000 21.549264 7.000000 84.000000 0.000000
3 28.567676 7.000000 38.932324 13.000000 136.000000 0.000000
4 40.067385 14.000000 35.515675 11.000000 21.416940 4.000000 198.000000 0.000000
3 33.421471 10.000000 43.578529 17.000000 160.000000 0.000000
4 38.891983 12.000000 35.503352 10.000000 25.104665 5.000000 205.000000 0.000000
3 58.770258 16.000000 48.729742 11.000000 210.000000 0.000000
3 25.874986 11.000000 25.875014 11.000000 108.500000 0.000000
3 46.560010 17.000000 31.939990 8.000000 150.000000 0.000000
3 29.293468 9.000000 35.206532 13.000000 126.000000 0.000000
3 48.670987 17.000000 37.329013 10.000000 164.000000 0.000000
3 33.992874 7.000000 44.507126 12.000000 165.000000 0.000000
3 18.433709 7.000000 17.066291 6.000000 70.000000 0.000000
3 43.880639 14.000000 51.119361 19.000000 192.000000 0.000000
3 44.794786 13.000000 41.205214 11.000000 171.000000 0.000000
4 27.971447 6.000000 27.971234 6.000000 39.557319 12.000000 190.000000 0.000000
3 28.351707 7.000000 32.148293 9.000000 128.000000 0.000000
3 25.059925 6.000000 35.440075 12.000000 126.000000 0.000000
3 49.298102 14.000000 52.701898 16.000000 205.000000 0.000000
3 43.211411 14.000000 28.288589 6.000000 135.000000 0.000000
3 39.073072 10.000000 49.426928 16.000000 175.000000 0.000000
3 29.402757 5.000000 52.597243 16.000000 170.000000 0.000000
3 31.325243 14.000000 32.424757 15.000000 129.500000 0.000000
3 29.120771 7.000000 38.129229 12.000000 139.500000 0.000000
3 23.867706 6.000000 35.132294 13.000000 116.000000 0.000000
3 20.943044 8.000000 16.556956 5.000000 77.000000 0.000000
3 22.776679 7.000000 27.223321 10.000000 96.000000 0.000000
3 30.405145 10.000000 28.844855 9.000000 122.500000 0.000000
3 25.680425 9.000000 27.069575 10.000000 112.500000 0.000000
3 35.415256 7.000000 50.084744 14.000000 171.000000 0.000000
4 41.179504 12.000000 44.478933 14.000000 37.591563 10.000000 247.500000 0.000000
3 53.635454 17.000000 31.864546 6.000000 165.000000 0.000000
3 21.205379 7.000000 24.044621 9.000000 87.500000 0.000000
3 40.564176 10.000000 44.435824 12.000000 175.000000 0.000000
3 40.119673 12.000000 16.380327 2.000000 108.000000 0.000000
3 30.472733 13.000000 29.277267 12.000000 115.500000 0.000000
3 34.275876 10.000000 48.474124 20.000000 166.500000 0.000000
3 36.491846 11.000000 33.008154 9.000000 135.000000 0.000000
3 33.135578 7.000000 46.864422 14.000000 160.000000 0.000000
3 32.749858 10.000000 32.750142 10.000000 126.000000 0.000000
3 22.853279 7.000000 36.646721 18.000000 126.000000 0.000000
3 25.569673 7.000000 37.430327 15.000000 130.000000 0.000000
3 36.158850 10.000000 32.341150 8.000000 136.000000 0.000000
3 21.454209 3.000000 49.545791 16.000000 150.000000 0.000000
4 35.696867 10.000000 33.864525 9.000000 37.438609 11.000000 220.000000 0.000000
4 41.409112 12.000000 35.861363 9.000000 26.729525 5.000000 215.000000 0.000000
3 27.767257 8.000000 36.732743 14.000000 135.000000 0.000000
3 42.499996 16.000000 42.500004 16.000000 168.000000 0.000000
3 14.114904 6.000000 12.885096 5.000000 52.000000 0.000000
3 46.824007 8.000000 28.675993 3.000000 150.000000 0.000000
4 41.287711 11.000000 37.346083 9.000000 39.366206 10.000000 235.000000 0.000000
3 31.217235 13.000000 33.532765 15.000000 136.500000 0.000000
3 25.177525 9.000000 29.072475 12.000000 108.500000 0.000000
3 42.059993 14.000000 38.940007 12.000000 160.000000 0.000000
3 30.962016 7.000000 43.787984 14.000000 148.500000 0.000000
3 46.159770 14.000000 52.340230 18.000000 196.000000 0.000000
3 20.187726 6.000000 26.062274 10.000000 94.500000 0.000000
4 17.940686 4.000000 29.751103 11.000000 20.058211 5.000000 139.500000 0.000000
3 44.345592 18.000000 27.654408 7.000000 140.000000 0.000000
3 25.086584 11.000000 16.913416 5.000000 84.000000 0.000000
3 34.655909 10.000000 26.844091 6.000000 117.000000 0.000000
3 28.579324 5.000000 40.420676 10.000000 140.000000 0.000000
3 36.786184 17.000000 28.213816 10.000000 132.000000 0.000000
3 39.725091 14.000000 43.774909 17.000000 170.000000 0.000000
3 22.178310 3.000000 54.321690 18.000000 160.000000 0.000000
3 22.781757 6.000000 32.218243 12.000000 116.000000 0.000000
3 43.345463 17.000000 37.904537 13.000000 157.500000 0.000000
3 14.252325 5.000000 12.747675 4.000000 56.000000 0.000000
3 35.946323 13.000000 37.303677 14.000000 143.500000 0.000000
3 19.574253 7.000000 20.925747 8.000000 84.000000 0.000000
3 23.911784 9.000000 21.088216 7.000000 90.000000 0.000000
3 10.338270 4.000000 12.661730 6.000000 49.000000 0.000000
3 39.340119 9.000000 57.159881 19.000000 200.000000 0.000000
3 44.708316 15.000000 30.541684 7.000000 148.500000 0.000000
3 29.934439 9.000000 34.565561 12.000000 136.000000 0.000000
3 27.774439 11.000000 18.725561 5.000000 88.000000 0.000000
3 25.115509 10.000000 15.884491 4.000000 81.000000 0.000000
3 26.363441 11.000000 25.136559 10.000000 102.000000 0.000000
3 27.250236 9.000000 22.249764 6.000000 99.000000 0.000000
3 33.728193 12.000000 21.771807 5.000000 105.000000 0.000000
3 46.423537 20.000000 32.826463 10.000000 150.500000 0.000000
3 49.534209 14.000000 39.715791 9.000000 175.500000 0.000000
3 19.234830 5.000000 31.015170 13.000000 101.500000 0.000000
3 17.657347 5.000000 19.342653 6.000000 72.000000 0.000000
4 46.995424 15.000000 38.371660 10.000000 27.132916 5.000000 225.000000 0.000000
3 39.670271 17.000000 33.329729 12.000000 138.000000 0.000000
3 25.680679 5.000000 36.319321 10.000000 125.000000 0.000000
3 40.152953 10.000000 55.347047 19.000000 198.000000 0.000000
3 41.540731 14.000000 38.459269 12.000000 160.000000 0.000000
3 31.427887 10.000000 43.322113 19.000000 157.500000 0.000000
4 34.030510 11.000000 32.447625 10.000000 29.021865 8.000000 200.000000 0.000000
4 15.994783 3.000000 30.627622 11.000000 30.627594 11.000000 157.500000 0.000000
3 18.365967 7.000000 19.634033 8.000000 78.000000 0.000000
3 39.010624 15.000000 28.489376 8.000000 136.000000 0.000000
3 23.099982 9.000000 15.400018 4.000000 72.000000 0.000000
3 30.250000 5.000000 30.250000 5.000000 120.000000 0.000000
3 29.062425 11.000000 33.937575 15.000000 126.000000 0.000000
3 30.183561 9.000000 31.816439 10.000000 128.000000 0.000000
3 33.757317 8.000000 37.742683 10.000000 144.000000 0.000000
3 19.206066 5.000000 24.293934 8.000000 90.000000 0.000000
3 30.903863 11.000000 33.596137 13.000000 135.000000 0.000000
3 25.728076 10.000000 16.271924 4.000000 84.000000 0.000000
3 21.824597 6.000000 28.175403 10.000000 108.000000 0.000000
3 42.483208 10.000000 50.266792 14.000000 184.500000 0.000000
3 21.218483 7.000000 27.781517 12.000000 96.000000 0.000000
3 12.959595 2.000000 33.040405 13.000000 99.000000 0.000000
3 24.426362 6.000000 33.073638 11.000000 117.000000 0.000000
3 27.817864 3.000000 48.182136 9.000000 155.000000 0.000000
4 47.471377 18.000000 22.379182 4.000000 31.649441 8.000000 200.000000 0.000000
3 36.714257 16.000000 27.535743 9.000000 121.500000 0.000000
3 32.249998 13.000000 32.250002 13.000000 124.000000 0.000000
3 34.257687 11.000000 37.242313 13.000000 145.000000 0.000000
3 30.860851 13.000000 19.139149 5.000000 100.000000 0.000000
3 39.937564 18.000000 38.812436 17.000000 157.500000 0.000000
3 17.923042 3.000000 40.076958 15.000000 125.000000 0.000000
3 25.991825 6.000000 36.758175 12.000000 130.500000 0.000000
3 48.964921 18.000000 30.535079 7.000000 153.000000 0.000000
3 71.249573 19.000000 71.250427 19.000000 285.000000 0.000000
3 37.374983 11.000000 37.375017 11.000000 148.500000 0.000000
3 46.597239 19.000000 41.402761 15.000000 171.000000 0.000000
3 49.883137 15.000000 44.616863 12.000000 188.000000 0.000000
3 26.594569 7.000000 30.155431 9.000000 112.500000 0.000000
3 62.434578 17.000000 40.065422 7.000000 200.000000 0.000000
3 26.975029 6.000000 22.024971 4.000000 99.000000 0.000000
3 26.527858 8.000000 20.972142 5.000000 91.000000 0.000000
3 45.830916 18.000000 40.419084 14.000000 171.500000 0.000000
3 20.339430 6.000000 24.910570 9.000000 94.500000 0.000000
3 40.776400 18.000000 37.223600 15.000000 154.000000 0.000000
3 33.002074 13.000000 34.247926 14.000000 139.500000 0.000000
3 28.842589 7.000000 36.157411 11.000000 135.000000 0.000000
3 33.892026 12.000000 36.607974 14.000000 138.000000 0.000000
3 37.387469 11.000000 27.612531 6.000000 128.000000 0.000000
3 35.700986 13.000000 37.049014 14.000000 148.500000 0.000000
3 18.432503 6.000000 26.067497 12.000000 90.000000 0.000000
3 56.563577 13.000000 22.186423 2.000000 148.500000 0.000000
3 52.578704 14.000000 34.421296 6.000000 170.000000 0.000000
3 14.164084 4.000000 15.835916 5.000000 63.000000 0.000000
3 56.805223 16.000000 49.194777 12.000000 215.000000 0.000000
3 33.666458 8.000000 16.833542 2.000000 99.000000 0.000000
3 50.532745 17.000000 47.467255 15.000000 195.000000 0.000000
3 32.812750 8.000000 40.187250 12.000000 144.000000 0.000000
3 41.833217 15.000000 37.416783 12.000000 157.500000 0.000000
4 23.548683 5.000000 25.796557 6.000000 39.404760 14.000000 184.500000 0.000000
3 39.333113 12.000000 19.666887 3.000000 117.000000 0.000000
3 41.181403 18.000000 36.318597 14.000000 153.000000 0.000000
3 31.211424 8.000000 39.788576 13.000000 140.000000 0.000000
3 31.867519 11.000000 41.882481 19.000000 150.500000 0.000000
3 21.114727 6.000000 33.385273 15.000000 112.000000 0.000000
3 17.722626 5.000000 23.777374 9.000000 84.000000 0.000000
3 29.635394 10.000000 28.114606 9.000000 122.500000 0.000000
3 32.523951 11.000000 39.226049 16.000000 148.500000 0.000000
3 35.194580 13.000000 37.805420 15.000000 147.000000 0.000000
3 38.218886 12.000000 41.281114 14.000000 155.000000 0.000000
3 56.364319 17.000000 61.135681 20.000000 235.000000 0.000000
4 54.674053 19.000000 21.725252 3.000000 41.600695 11.000000 235.000000 0.000000
3 39.507622 13.000000 30.992378 8.000000 135.000000 0.000000
3 41.701250 10.000000 37.298750 8.000000 155.000000 0.000000
3 35.589244 16.000000 15.410756 3.000000 96.000000 0.000000
3 16.590710 4.000000 29.909290 13.000000 99.000000 0.000000
3 32.407434 11.000000 42.592566 19.000000 154.000000 0.000000
3 39.826282 19.000000 24.173718 7.000000 120.000000 0.000000
3 53.527701 17.000000 44.972299 12.000000 200.000000 0.000000
3 13.584812 4.000000 25.415188 14.000000 84.000000 0.000000
3 38.260443 12.000000 31.239557 8.000000 133.000000 0.000000
4 48.393391 14.000000 38.801727 9.000000 44.804882 12.000000 260.000000 0.000000
3 28.348470 12.000000 21.651530 7.000000 104.000000 0.000000
3 33.555850 10.000000 35.194150 11.000000 143.500000 0.000000
3 43.912172 17.000000 26.087828 6.000000 135.000000 0.000000
4 41.817309 13.000000 38.466358 11.000000 38.466333 11.000000 238.500000 0.000000
3 23.119597 5.000000 42.630403 17.000000 139.500000 0.000000
3 53.039785 12.000000 64.960215 18.000000 235.000000 0.000000
4 41.129800 14.000000 21.986316 4.000000 39.633884 13.000000 202.500000 0.000000
3 37.038416 12.000000 35.461584 11.000000 144.000000 0.000000
3 24.149778 10.000000 21.600222 8.000000 87.500000 0.000000
3 46.735910 9.000000 49.264090 10.000000 195.000000 0.000000
3 32.771358 11.000000 34.228642 12.000000 135.000000 0.000000
3 43.999791 16.000000 22.000209 4.000000 126.000000 0.000000
3 29.706087 11.000000 32.293913 13.000000 119.000000 0.000000
3 14.643344 4.000000 28.356656 15.000000 93.000000 0.000000
3 56.250008 15.000000 56.249992 15.000000 225.000000 0.000000
3 13.102813 3.000000 21.397187 8.000000 69.000000 0.000000
4 22.790999 5.000000 43.242522 18.000000 26.966479 7.000000 195.000000 0.000000
3 49.082137 15.000000 47.417863 14.000000 195.000000 0.000000
3 36.749995 12.000000 36.750005 12.000000 150.000000 0.000000
3 34.722142 14.000000 30.777858 11.000000 129.000000 0.000000
3 30.367133 10.000000 16.632867 3.000000 90.000000 0.000000
3 34.974466 16.000000 31.525534 13.000000 133.000000 0.000000
3 24.047666 8.000000 29.452334 12.000000 112.000000 0.000000
3 32.249977 10.000000 32.250023 10.000000 128.000000 0.000000
3 31.407926 10.000000 28.092074 8.000000 117.000000 0.000000
3 41.926306 7.000000 69.073694 19.000000 225.000000 0.000000
3 43.634097 15.000000 31.865903 8.000000 144.000000 0.000000
3 23.072611 6.000000 37.677389 16.000000 130.500000 0.000000
3 39.911985 15.000000 32.588015 10.000000 144.000000 0.000000
3 24.466367 9.000000 11.533633 2.000000 72.000000 0.000000
3 28.242375 6.000000 50.257625 19.000000 162.000000 0.000000
3 43.390813 13.000000 46.609187 15.000000 180.000000 0.000000
3 29.907628 12.000000 22.842372 7.000000 101.500000 0.000000
3 30.169093 6.000000 55.080907 20.000000 175.500000 0.000000
3 34.784373 11.000000 45.715627 19.000000 168.000000 0.000000
3 20.867094 8.000000 22.132906 9.000000 90.000000 0.000000
3 51.278330 16.000000 46.221670 13.000000 195.000000 0.000000
3 23.249993 9.000000 23.250007 9.000000 91.000000 0.000000
3 29.898812 6.000000 38.601188 10.000000 136.000000 0.000000
3 23.114721 9.000000 20.385279 7.000000 91.000000 0.000000
3 24.474528 6.000000 36.025472 13.000000 126.000000 0.000000
3 35.271284 12.000000 40.728716 16.000000 150.000000 0.000000
3 34.744287 13.000000 27.255713 8.000000 120.000000 0.000000
3 48.074037 12.000000 51.925963 14.000000 205.000000 0.000000
3 36.156598 7.000000 47.343402 12.000000 170.000000 0.000000
3 43.999990 13.000000 44.000010 13.000000 180.000000 0.000000
3 23.958534 8.000000 30.541466 13.000000 111.000000 0.000000
3 50.065701 12.000000 47.934299 11.000000 190.000000 0.000000
3 38.398063 12.000000 31.351937 8.000000 136.500000 0.000000
4 29.503522 7.000000 31.540300 8.000000 40.206179 13.000000 211.500000 0.000000
3 10.537320 2.000000 24.712680 11.000000 73.500000 0.000000
3 49.470389 13.000000 47.529611 12.000000 190.000000 0.000000
4 33.518381 10.000000 25.963249 6.000000 33.518370 10.000000 184.000000 0.000000
3 25.171404 10.000000 30.828596 15.000000 116.000000 0.000000
4 43.930946 14.000000 38.940626 11.000000 37.128428 10.000000 243.000000 0.000000
3 22.499974 9.000000 15.000026 4.000000 72.000000 0.000000
3 35.732943 12.000000 25.267057 6.000000 115.000000 0.000000
3 33.341544 11.000000 30.158456 9.000000 132.000000 0.000000
3 42.685721 15.000000 33.064279 9.000000 148.500000 0.000000
3 19.994799 3.000000 36.505201 10.000000 117.000000 0.000000
3 33.604049 11.000000 30.395951 9.000000 128.000000 0.000000
3 22.276987 6.000000 35.223013 15.000000 119.000000 0.000000
3 37.167853 14.000000 24.332147 6.000000 119.000000 0.000000
4 30.219817 8.000000 18.506920 3.000000 38.523264 13.000000 175.500000 0.000000
3 53.882673 13.000000 61.617327 17.000000 235.000000 0.000000
3 54.917309 16.000000 38.832691 8.000000 184.500000 0.000000
3 32.552830 11.000000 21.947170 5.000000 108.000000 0.000000
3 36.570153 18.000000 14.929847 3.000000 96.000000 0.000000
3 23.121424 9.000000 18.878576 6.000000 84.000000 0.000000
3 22.850389 5.000000 35.399611 12.000000 122.500000 0.000000
3 22.965501 7.000000 15.034499 3.000000 72.000000 0.000000
3 51.928111 17.000000 33.321889 7.000000 166.500000 0.000000
3 43.851396 14.000000 33.148604 8.000000 152.000000 0.000000
4 44.781503 13.000000 41.193442 11.000000 43.025055 12.000000 265.000000 0.000000
3 25.921355 10.000000 20.078645 6.000000 93.000000 0.000000
3 32.668067 10.000000 27.331933 7.000000 120.000000 0.000000
3 37.913687 17.000000 27.586313 9.000000 126.000000 0.000000
3 43.315096 12.000000 17.684904 2.000000 117.000000 0.000000
3 11.750033 2.000000 23.499967 8.000000 73.500000 0.000000
3 29.727922 6.000000 24.272078 4.000000 104.000000 0.000000
3 27.576972 10.000000 28.923028 11.000000 112.000000 0.000000
3 37.850936 16.000000 36.649064 15.000000 147.000000 0.000000
3 37.825134 13.000000 33.174866 10.000000 135.000000 0.000000
3 33.446849 8.000000 47.303151 16.000000 166.500000 0.000000
3 43.760852 15.000000 40.739148 13.000000 168.000000 0.000000
4 26.009122 7.000000 26.009141 7.000000 21.981737 5.000000 152.000000 0.000000
3 50.874996 17.000000 50.875004 17.000000 202.500000 0.000000
4 56.422480 19.000000 28.945926 5.000000 50.131594 15.000000 270.000000 0.000000
3 21.695044 5.000000 16.804956 3.000000 75.000000 0.000000
4 42.990367 13.000000 37.705365 10.000000 41.304268 12.000000 245.000000 0.000000
3 30.379651 12.000000 31.620349 13.000000 126.000000 0.000000
3 30.507199 7.000000 38.242801 11.000000 139.500000 0.000000
3 24.880003 6.000000 32.119997 10.000000 115.000000 0.000000
3 22.494088 7.000000 25.505912 9.000000 99.000000 0.000000
3 28.866621 12.000000 18.633379 5.000000 90.000000 0.000000
3 33.732736 11.000000 28.767264 8.000000 120.000000 0.000000
3 9.629568 2.000000 26.370432 15.000000 80.000000 0.000000
3 52.499991 16.000000 52.500009 16.000000 207.000000 0.000000
3 40.749056 11.000000 34.750944 8.000000 150.000000 0.000000
3 29.311037 6.000000 39.688963 11.000000 140.000000 0.000000
3 28.000004 11.000000 27.999996 11.000000 117.000000 0.000000
3 30.814867 11.000000 32.185133 12.000000 126.000000 0.000000
3 17.724734 4.000000 28.025266 10.000000 94.500000 0.000000
3 33.137083 7.000000 46.862917 14.000000 162.000000 0.000000
3 22.566180 10.000000 20.183820 8.000000 87.500000 0.000000
3 39.505478 17.000000 28.744522 9.000000 130.500000 0.000000
3 27.262531 11.000000 14.237469 3.000000 84.000000 0.000000
3 21.539136 5.000000 30.460864 10.000000 108.000000 0.000000
3 24.021430 8.000000 25.478570 9.000000 96.000000 0.000000
3 29.064518 7.000000 36.435482 11.000000 132.000000 0.000000
3 26.716279 11.000000 22.783721 8.000000 96.000000 0.000000
3 24.247134 10.000000 23.002866 9.000000 94.500000 0.000000
3 19.215706 4.000000 23.534294 6.000000 85.500000 0.000000
4 37.202887 10.000000 33.275530 8.000000 39.021583 11.000000 220.000000 0.000000
3 32.584656 12.000000 33.915344 13.000000 136.000000 0.000000
3 48.761872 14.000000 46.988128 13.000000 184.500000 0.000000
3 29.412792 7.000000 45.837208 17.000000 157.500000 0.000000
3 50.377440 14.000000 35.622560 7.000000 170.000000 0.000000
3 21.538871 3.000000 30.461129 6.000000 104.000000 0.000000
3 39.149960 18.000000 26.100040 8.000000 122.500000 0.000000
3 37.440515 7.000000 54.809485 15.000000 184.500000 0.000000
3 56.817391 18.000000 35.432609 7.000000 175.500000 0.000000
3 62.238123 16.000000 60.261877 15.000000 245.000000 0.000000
3 41.208295 18.000000 23.791705 6.000000 126.000000 0.000000
3 37.124985 9.000000 37.125015 9.000000 148.500000 0.000000
4 41.104994 10.000000 46.866909 13.000000 45.028097 12.000000 275.000000 0.000000
3 24.787113 8.000000 27.712887 10.000000 105.000000 0.000000
3 58.125649 17.000000 39.874351 8.000000 195.000000 0.000000
3 31.556434 15.000000 24.443566 9.000000 105.000000 0.000000
3 35.304705 13.000000 27.695295 8.000000 126.000000 0.000000
3 42.130215 13.000000 23.369785 4.000000 125.000000 0.000000
3 43.934914 10.000000 24.065086 3.000000 135.000000 0.000000
3 22.025019 6.000000 26.974981 9.000000 102.000000 0.000000
3 31.853826 15.000000 20.146174 6.000000 99.000000 0.000000
3 37.709936 15.000000 30.790064 10.000000 132.000000 0.000000
3 42.536059 11.000000 22.213941 3.000000 130.500000 0.000000
3 24.488416 7.000000 18.511584 4.000000 84.000000 0.000000
3 20.707426 5.000000 37.042574 16.000000 121.500000 0.000000
3 36.399037 9.000000 32.100963 7.000000 132.000000 0.000000
3 26.562106 9.000000 21.687894 6.000000 94.500000 0.000000
3 22.190391 8.000000 24.809609 10.000000 92.000000 0.000000
3 37.072178 16.000000 34.677822 14.000000 143.500000 0.000000
3 32.584673 12.000000 33.915327 13.000000 136.000000 0.000000
3 32.254935 12.000000 37.245065 16.000000 144.000000 0.000000
3 34.273491 14.000000 35.476509 15.000000 143.500000 0.000000
3 27.619952 4.000000 30.880048 5.000000 120.000000 0.000000
3 46.059639 12.000000 47.940361 13.000000 190.000000 0.000000
3 35.819511 15.000000 20.680489 5.000000 108.000000 0.000000
3 41.217407 11.000000 37.282593 9.000000 155.000000 0.000000
3 23.677050 9.000000 22.322950 8.000000 91.000000 0.000000
4 17.533545 2.000000 30.372002 6.000000 49.594453 16.000000 205.000000 0.000000
3 36.126845 16.000000 22.123155 6.000000 108.500000 0.000000
3 45.060364 16.000000 25.189636 5.000000 136.500000 0.000000
3 31.514502 8.000000 35.235498 10.000000 139.500000 0.000000
3 43.282295 16.000000 34.217705 10.000000 154.000000 0.000000
3 59.455187 14.000000 55.044813 12.000000 225.000000 0.000000
3 22.354439 6.000000 24.145561 7.000000 93.000000 0.000000
3 34.291716 15.000000 17.708284 4.000000 100.000000 0.000000
3 23.626297 7.000000 21.873703 6.000000 90.000000 0.000000
3 33.124735 13.000000 34.375265 14.000000 133.000000 0.000000
4 26.155129 6.000000 36.989075 12.000000 21.355796 4.000000 180.000000 0.000000
3 36.999906 16.000000 18.500094 4.000000 105.000000 0.000000
3 66.340478 19.000000 45.659522 9.000000 220.000000 0.000000
3 28.166440 6.000000 39.833560 12.000000 140.000000 0.000000
3 28.317003 6.000000 41.682997 13.000000 140.000000 0.000000
3 28.603918 6.000000 30.896082 7.000000 120.000000 0.000000
3 45.702264 14.000000 34.547736 8.000000 157.500000 0.000000
4 27.578163 6.000000 27.577864 6.000000 31.843973 8.000000 180.000000 0.000000
3 50.716287 19.000000 30.783713 7.000000 160.000000 0.000000
3 27.146460 11.000000 28.353540 12.000000 108.000000 0.000000
3 40.750000 12.000000 40.750000 12.000000 164.000000 0.000000
4 32.735110 12.000000 13.364476 2.000000 18.900414 4.000000 124.000000 0.000000
3 14.044188 4.000000 22.205812 10.000000 73.500000 0.000000
4 42.250883 12.000000 27.272950 5.000000 43.976166 13.000000 230.000000 0.000000
4 33.073452 9.000000 34.862476 10.000000 36.564072 11.000000 215.000000 0.000000
3 33.374950 12.000000 33.375050 12.000000 129.500000 0.000000
3 39.999998 15.000000 40.000002 15.000000 160.000000 0.000000
3 46.214329 16.000000 36.535671 10.000000 166.500000 0.000000
3 19.752177 6.000000 33.247823 17.000000 114.000000 0.000000
3 26.249974 10.000000 26.250026 10.000000 108.000000 0.000000
3 58.017649 14.000000 37.982351 6.000000 185.000000 0.000000
3 53.983187 19.000000 32.766813 7.000000 166.500000 0.000000
4 37.727944 9.000000 41.707554 11.000000 43.564502 12.000000 250.000000 0.000000
3 42.268782 14.000000 40.731218 13.000000 164.000000 0.000000
3 43.561542 16.000000 34.438458 10.000000 152.000000 0.000000
3 49.999865 16.000000 25.000135 4.000000 144.000000 0.000000
3 19.221544 5.000000 29.778456 12.000000 105.000000 0.000000
3 30.197189 6.000000 52.302811 18.000000 171.000000 0.000000
3 44.807517 18.000000 27.942483 7.000000 139.500000 0.000000
3 42.981830 9.000000 47.518170 11.000000 175.000000 0.000000
3 27.306474 5.000000 45.693526 14.000000 150.000000 0.000000
3 20.296859 3.000000 26.203141 5.000000 95.000000 0.000000
3 22.201377 5.000000 35.798623 13.000000 120.000000 0.000000
3 20.498981 7.000000 24.501019 10.000000 91.000000 0.000000
3 49.476343 16.000000 41.023657 11.000000 180.000000 0.000000
4 20.214991 4.000000 30.322385 9.000000 31.962624 10.000000 171.000000 0.000000
3 32.624850 11.000000 32.625150 11.000000 129.500000 0.000000
3 18.983322 4.000000 35.516678 14.000000 116.000000 0.000000
3 43.407753 12.000000 37.592247 9.000000 162.000000 0.000000
4 42.268893 12.000000 40.468513 11.000000 47.262594 15.000000 270.000000 0.000000
3 56.961630 17.000000 19.538370 2.000000 145.000000 0.000000
3 26.114391 9.000000 31.385609 13.000000 123.000000 0.000000
3 42.214308 9.000000 56.285692 16.000000 200.000000 0.000000
3 18.027769 6.000000 19.472231 7.000000 75.000000 0.000000
3 34.852125 16.000000 28.897875 11.000000 129.500000 0.000000
3 27.331922 7.000000 32.668078 10.000000 125.000000 0.000000
3 30.191117 11.000000 27.308883 9.000000 119.000000 0.000000
3 39.325853 15.000000 35.174147 12.000000 147.000000 0.000000
3 31.218043 12.000000 39.281957 19.000000 144.000000 0.000000
3 34.564112 11.000000 41.685888 16.000000 157.500000 0.000000
3 27.125969 8.000000 25.374031 7.000000 104.000000 0.000000
3 31.503751 11.000000 28.496249 9.000000 120.000000 0.000000
3 24.880788 5.000000 40.119212 13.000000 136.000000 0.000000
3 29.021256 15.000000 12.978744 3.000000 77.000000 0.000000
3 16.515462 7.000000 12.484538 4.000000 56.000000 0.000000
3 32.617810 9.000000 34.382190 10.000000 140.000000 0.000000
3 17.192981 2.000000 21.057019 3.000000 76.500000 0.000000
4 46.853356 14.000000 45.148870 13.000000 48.497774 15.000000 280.000000 0.000000
3 7.167389 2.000000 11.332611 5.000000 39.000000 0.000000
3 48.407363 14.000000 36.592637 8.000000 170.000000 0.000000
3 16.363939 5.000000 26.386061 13.000000 87.500000 0.000000
3 50.240460 16.000000 43.509540 12.000000 184.500000 0.000000
3 27.931055 9.000000 33.568945 13.000000 124.000000 0.000000
3 49.035052 14.000000 43.464948 11.000000 185.000000 0.000000
3 34.534839 9.000000 47.465161 17.000000 165.000000 0.000000
4 38.030335 14.000000 32.141535 10.000000 20.328130 4.000000 180.000000 0.000000
3 40.645607 11.000000 45.854393 14.000000 171.000000 0.000000
3 29.302408 10.000000 22.697592 6.000000 105.000000 0.000000
3 51.834314 20.000000 30.665686 7.000000 161.000000 0.000000
4 20.501610 6.000000 20.501559 6.000000 14.496831 3.000000 112.000000 0.000000
4 45.061214 13.000000 27.947147 5.000000 49.991639 16.000000 255.000000 0.000000
3 30.091353 11.000000 37.408647 17.000000 140.000000 0.000000
3 43.641037 10.000000 30.858963 5.000000 144.000000 0.000000
3 45.249980 12.000000 45.250020 12.000000 180.000000 0.000000
3 46.733329 14.000000 43.266671 12.000000 180.000000 0.000000
3 17.390430 5.000000 31.109570 16.000000 105.000000 0.000000
3 29.899286 9.000000 38.600714 15.000000 144.000000 0.000000
4 42.008107 15.000000 34.299106 10.000000 21.692787 4.000000 198.000000 0.000000
3 39.362389 16.000000 32.637611 11.000000 136.000000 0.000000
3 37.173524 11.000000 38.826476 12.000000 156.000000 0.000000
3 28.732782 6.000000 49.767218 18.000000 164.000000 0.000000
3 48.514326 14.000000 57.985674 20.000000 215.000000 0.000000
3 24.020111 4.000000 37.979889 10.000000 125.000000 0.000000
3 7.416586 2.000000 9.083414 3.000000 34.000000 0.000000
3 40.666461 12.000000 20.333539 3.000000 119.000000 0.000000
3 23.311571 8.000000 20.188429 6.000000 85.000000 0.000000
3 25.620219 11.000000 13.379781 3.000000 75.000000 0.000000
3 38.193642 15.000000 35.556358 13.000000 150.500000 0.000000
3 52.167757 16.000000 55.332243 18.000000 215.000000 0.000000
3 32.204825 12.000000 26.295175 8.000000 117.000000 0.000000
3 40.085339 13.000000 29.414661 7.000000 140.000000 0.000000
3 39.999993 14.000000 40.000007 14.000000 160.000000 0.000000
3 33.627663 12.000000 29.122337 9.000000 129.500000 0.000000
3 35.999975 15.000000 36.000025 15.000000 144.000000 0.000000
3 10.463663 3.000000 20.036337 11.000000 66.000000 0.000000
3 31.857229 13.000000 21.642771 6.000000 105.000000 0.000000
3 15.698744 4.000000 28.301256 13.000000 90.000000 0.000000
3 42.043689 11.000000 45.706311 13.000000 175.500000 0.000000
3 23.796626 6.000000 25.703374 7.000000 98.000000 0.000000
3 39.674649 17.000000 40.825351 18.000000 161.000000 0.000000
3 46.357387 13.000000 42.642613 11.000000 175.000000 0.000000
3 28.999896 8.000000 14.500104 2.000000 84.000000 0.000000
3 33.500000 8.000000 33.500000 8.000000 130.000000 0.000000
3 24.018439 7.000000 32.731561 13.000000 115.500000 0.000000
3 37.293793 12.000000 35.706207 11.000000 140.000000 0.000000
3 18.500000 8.000000 18.500000 8.000000 80.000000 0.000000
3 28.482533 8.000000 22.517467 5.000000 104.000000 0.000000
3 27.525857 11.000000 23.474143 8.000000 99.000000 0.000000
3 32.362752 10.000000 39.637248 15.000000 150.000000 0.000000
3 38.159201 6.000000 60.340799 15.000000 205.000000 0.000000
3 15.160456 6.000000 13.839544 5.000000 54.000000 0.000000
3 34.842270 13.000000 36.157730 14.000000 140.000000 0.000000
3 18.885440 4.000000 21.114560 5.000000 80.000000 0.000000
3 35.183493 11.000000 28.066507 7.000000 121.500000 0.000000
3 44.403527 18.000000 33.096473 10.000000 156.000000 0.000000
4 25.967498 6.000000 29.984520 8.000000 28.047982 7.000000 175.000000 0.000000
3 28.004736 7.000000 40.995264 15.000000 140.000000 0.000000
3 20.652517 6.000000 23.847483 8.000000 90.000000 0.000000
3 55.462282 17.000000 42.537718 10.000000 195.000000 0.000000
3 23.460017 7.000000 12.539983 2.000000 70.000000 0.000000
3 30.749912 9.000000 30.750088 9.000000 126.000000 0.000000
3 58.440690 18.000000 43.559310 10.000000 205.000000 0.000000
3 44.870057 14.000000 53.629943 20.000000 200.000000 0.000000
3 28.035034 10.000000 31.964966 13.000000 128.000000 0.000000
3 29.954618 11.000000 25.545382 8.000000 112.000000 0.000000
3 34.561363 10.000000 24.438637 5.000000 115.000000 0.000000
3 33.975568 10.000000 24.024432 5.000000 117.000000 0.000000
3 46.058707 16.000000 50.191293 19.000000 193.500000 0.000000
3 29.434061 4.000000 55.065939 14.000000 170.000000 0.000000
3 32.341146 11.000000 35.158854 13.000000 135.000000 0.000000
3 22.597853 6.000000 36.902147 16.000000 124.000000 0.000000
3 33.747429 11.000000 22.752571 5.000000 108.000000 0.000000
3 27.205785 6.000000 45.794215 17.000000 152.000000 0.000000
3 39.288690 11.000000 42.711310 13.000000 168.000000 0.000000
3 51.466580 12.000000 63.033420 18.000000 230.000000 0.000000
3 17.609618 5.000000 13.640382 3.000000 62.500000 0.000000
3 12.261749 3.000000 21.238251 9.000000 66.000000 0.000000
3 35.553305 10.000000 38.946695 12.000000 145.000000 0.000000
3 34.154891 9.000000 44.095109 15.000000 157.500000 0.000000
3 30.459502 10.000000 36.040498 14.000000 135.000000 0.000000
3 48.709178 19.000000 40.290822 13.000000 172.000000 0.000000
3 28.663367 11.000000 32.336633 14.000000 117.000000 0.000000
3 59.503497 17.000000 24.996503 3.000000 160.000000 0.000000
3 25.589925 10.000000 21.410075 7.000000 93.000000 0.000000
3 32.889402 13.000000 37.610598 17.000000 144.000000 0.000000
3 49.857082 16.000000 37.392918 9.000000 166.500000 0.000000
3 36.276243 10.000000 16.223757 2.000000 100.000000 0.000000
3 34.999969 14.000000 35.000031 14.000000 144.000000 0.000000
3 19.260225 6.000000 22.239775 8.000000 85.000000 0.000000
3 22.392906 9.000000 25.857094 12.000000 101.500000 0.000000
3 37.692682 8.000000 53.307318 16.000000 185.000000 0.000000
3 32.517604 14.000000 27.482396 10.000000 119.000000 0.000000
3 44.101769 10.000000 36.898231 7.000000 162.000000 0.000000
4 45.223833 12.000000 26.110224 4.000000 39.165943 9.000000 225.000000 0.000000
3 28.970962 10.000000 34.279038 14.000000 129.500000 0.000000
3 27.197849 10.000000 25.802151 9.000000 104.000000 0.000000
3 33.629995 8.000000 42.870005 13.000000 155.000000 0.000000
4 21.189182 7.000000 13.871618 3.000000 21.189200 7.000000 112.500000 0.000000
3 28.479684 9.000000 30.020316 10.000000 120.000000 0.000000
3 34.793934 8.000000 49.206066 16.000000 175.000000 0.000000
3 24.075343 4.000000 39.924657 11.000000 130.000000 0.000000
3 28.890312 9.000000 33.359688 12.000000 122.500000 0.000000
3 19.188749 3.000000 29.311251 7.000000 100.000000 0.000000
3 20.934825 6.000000 30.815175 13.000000 108.500000 0.000000
3 42.909234 14.000000 28.090766 6.000000 140.000000 0.000000
3 36.040397 14.000000 30.459603 10.000000 126.000000 0.000000
3 32.784776 9.000000 43.715224 16.000000 156.000000 0.000000
3 43.229113 15.000000 46.020887 17.000000 178.500000 0.000000
3 17.754854 6.000000 21.745146 9.000000 81.000000 0.000000
3 60.577110 15.000000 46.922890 9.000000 215.000000 0.000000
3 42.250001 16.000000 42.249999 16.000000 172.000000 0.000000
3 33.591079 9.000000 35.408921 10.000000 140.000000 0.000000
3 44.064193 13.000000 29.935807 6.000000 140.000000 0.000000
3 44.561280 17.000000 40.438720 14.000000 168.000000 0.000000
3 36.025198 13.000000 29.974802 9.000000 136.000000 0.000000
3 36.022034 8.000000 28.477966 5.000000 125.000000 0.000000
3 37.242169 13.000000 34.257831 11.000000 140.000000 0.000000
3 60.244577 18.000000 31.755423 5.000000 180.000000 0.000000
3 33.252367 8.000000 51.247633 19.000000 176.000000 0.000000
3 22.025017 6.000000 26.974983 9.000000 100.000000 0.000000
3 40.838613 11.000000 30.161387 6.000000 144.000000 0.000000
3 30.636412 7.000000 40.113588 12.000000 139.500000 0.000000
3 43.641058 16.000000 30.858942 8.000000 144.000000 0.000000
3 21.653442 9.000000 19.096558 7.000000 80.500000 0.000000
3 43.287303 14.000000 41.712697 13.000000 164.000000 0.000000
3 34.320898 18.000000 16.179102 4.000000 93.000000 0.000000
3 16.309340 5.000000 24.190660 11.000000 84.000000 0.000000
4 50.382363 16.000000 39.830849 10.000000 37.786788 9.000000 255.000000 0.000000
3 30.883113 9.000000 29.116887 8.000000 125.000000 0.000000
3 30.115607 8.000000 36.884393 12.000000 140.000000 0.000000
3 19.251669 5.000000 35.498331 17.000000 115.500000 0.000000
3 17.752048 4.000000 30.747952 12.000000 99.000000 0.000000
3 23.375009 10.000000 23.374991 10.000000 94.500000 0.000000
3 38.105557 16.000000 35.644443 14.000000 150.500000 0.000000
3 21.946165 6.000000 32.303835 13.000000 108.500000 0.000000
3 29.122230 10.000000 27.627770 9.000000 112.500000 0.000000
3 38.655966 16.000000 34.844034 13.000000 147.000000 0.000000
3 36.624781 11.000000 36.625219 11.000000 148.500000 0.000000
3 36.040325 14.000000 30.459675 10.000000 128.000000 0.000000
3 25.640667 4.000000 52.859333 17.000000 165.000000 0.000000
3 14.076874 3.000000 18.173126 5.000000 67.500000 0.000000
3 28.667045 11.000000 27.332955 10.000000 116.000000 0.000000
3 24.160365 10.000000 25.339635 11.000000 99.000000 0.000000
3 42.737874 12.000000 37.012126 9.000000 157.500000 0.000000
3 25.477280 8.000000 27.022720 9.000000 105.000000 0.000000
3 32.895255 13.000000 31.604745 12.000000 124.000000 0.000000
3 57.503070 19.000000 58.996930 20.000000 234.000000 0.000000
3 26.941273 10.000000 25.558727 9.000000 102.000000 0.000000
3 21.607515 9.000000 17.642485 6.000000 80.500000 0.000000
3 39.620450 10.000000 46.879550 14.000000 170.000000 0.000000
3 20.904397 4.000000 43.095603 17.000000 135.000000 0.000000
3 30.597818 5.000000 47.402182 12.000000 160.000000 0.000000
3 45.219978 12.000000 41.280022 10.000000 170.000000 0.000000
3 20.879531 3.000000 38.120469 10.000000 120.000000 0.000000
3 25.249449 5.000000 42.250551 14.000000 135.000000 0.000000
3 33.870670 8.000000 46.379330 15.000000 166.500000 0.000000
4 38.589804 11.000000 28.500587 6.000000 32.909608 8.000000 210.000000 0.000000
3 44.747503 16.000000 38.752497 12.000000 165.000000 0.000000
3 31.346518 5.000000 39.653482 8.000000 145.000000 0.000000
3 46.923256 17.000000 44.076744 15.000000 180.000000 0.000000
4 39.341821 10.000000 48.183905 15.000000 30.474275 6.000000 245.000000 0.000000
3 32.635172 8.000000 34.614828 9.000000 130.500000 0.000000
3 32.034466 8.000000 29.965534 7.000000 125.000000 0.000000
3 51.817762 17.000000 41.682238 11.000000 189.000000 0.000000
3 40.485843 13.000000 42.014157 14.000000 164.000000 0.000000
3 25.570068 6.000000 40.429932 15.000000 140.000000 0.000000
3 32.890284 11.000000 31.359716 10.000000 129.500000 0.000000
3 36.049963 10.000000 34.200037 9.000000 139.500000 0.000000
3 18.322838 5.000000 27.177162 11.000000 100.000000 0.000000
3 14.494988 2.000000 35.505012 12.000000 105.000000 0.000000
4 18.202842 3.000000 27.805806 7.000000 25.741352 6.000000 148.500000 0.000000
3 36.617039 14.000000 21.882961 5.000000 111.000000 0.000000
3 23.243962 8.000000 27.256038 11.000000 99.000000 0.000000
3 32.349922 5.000000 59.650078 17.000000 190.000000 0.000000
3 32.487113 9.000000 37.512887 12.000000 140.000000 0.000000
4 41.696760 13.000000 34.693946 9.000000 25.859294 5.000000 202.500000 0.000000
3 29.249927 10.000000 29.250073 10.000000 119.000000 0.000000
3 21.050603 4.000000 37.949397 13.000000 126.000000 0.000000
3 36.769497 15.000000 34.230503 13.000000 140.000000 0.000000
3 22.999981 6.000000 23.000019 6.000000 91.000000 0.000000
3 46.865420 13.000000 48.634580 14.000000 195.000000 0.000000
3 23.885848 10.000000 21.364152 8.000000 87.500000 0.000000
3 24.800008 8.000000 37.199992 18.000000 129.000000 0.000000
3 34.060510 8.000000 39.939490 11.000000 145.000000 0.000000
3 21.949376 7.000000 18.550624 5.000000 80.000000 0.000000
3 31.704657 14.000000 26.795343 10.000000 112.000000 0.000000
3 37.686516 11.000000 30.063484 7.000000 139.500000 0.000000
3 20.466711 8.000000 12.533289 3.000000 60.000000 0.000000
3 34.476912 13.000000 13.523088 2.000000 87.000000 0.000000
3 29.529345 10.000000 30.970655 11.000000 126.000000 0.000000
3 29.032523 10.000000 25.967477 8.000000 112.000000 0.000000
3 27.624996 10.000000 27.625004 10.000000 115.500000 0.000000
3 23.600168 7.000000 30.899832 12.000000 112.000000 0.000000
3 34.426279 14.000000 20.573721 5.000000 105.000000 0.000000
3 29.727538 12.000000 24.272462 8.000000 105.000000 0.000000
3 41.297878 10.000000 29.202122 5.000000 140.000000 0.000000
3 44.000001 17.000000 43.999999 17.000000 176.000000 0.000000
3 29.549780 9.000000 19.700220 4.000000 94.500000 0.000000
3 24.585075 9.000000 25.914925 10.000000 99.000000 0.000000
3 47.963503 15.000000 49.536497 16.000000 196.000000 0.000000
3 33.522869 10.000000 44.977131 18.000000 162.000000 0.000000
3 47.963489 15.000000 49.536511 16.000000 196.000000 0.000000
3 30.895566 7.000000 23.354434 4.000000 103.500000 0.000000
3 28.090861 11.000000 25.409139 9.000000 112.000000 0.000000
3 33.291235 12.000000 35.958765 14.000000 139.500000 0.000000
3 42.642602 11.000000 46.357398 13.000000 180.000000 0.000000
3 42.697347 12.000000 49.302653 16.000000 180.000000 0.000000
3 19.964643 5.000000 26.785357 9.000000 94.500000 0.000000
3 47.562890 16.000000 39.437110 11.000000 170.000000 0.000000
3 45.561103 12.000000 50.938897 15.000000 198.000000 0.000000
3 41.287089 11.000000 48.212911 15.000000 185.000000 0.000000
