611
3 29.662142 7.000000 38.837858 12.000000 144.000000 0.000000
3 33.124997 15.000000 33.125003 7.000000 130.500000 0.000000
3 47.999973 18.000000 48.000027 16.000000 189.000000 0.000000
4 25.499982 8.000000 25.500004 8.000000 25.500014 6.000000 155.000000 0.000000
3 26.715856 8.000000 37.784144 16.000000 136.000000 0.000000
3 41.466156 13.000000 41.533844 13.000000 168.000000 0.000000
3 46.999557 12.000000 47.000443 10.000000 185.000000 0.000000
3 24.733470 4.000000 41.016530 11.000000 139.500000 0.000000
3 40.443017 8.000000 51.556983 13.000000 190.000000 0.000000
3 44.077080 11.000000 47.922920 13.000000 185.000000 0.000000
3 50.466286 14.000000 50.533714 14.000000 205.000000 0.000000
3 30.511667 9.000000 45.488333 20.000000 160.000000 0.000000
3 48.499110 13.000000 48.500890 11.000000 198.000000 0.000000
4 31.204389 9.000000 31.204779 7.000000 36.590832 11.000000 200.000000 0.000000
3 23.249987 7.000000 23.250013 6.000000 96.000000 0.000000
4 39.666654 13.000000 39.666666 10.000000 39.666680 8.000000 245.000000 0.000000
3 19.950729 6.000000 21.549271 7.000000 84.000000 0.000000
3 28.567811 7.000000 38.932189 13.000000 136.000000 0.000000
4 32.333329 14.000000 32.333334 11.000000 32.333337 4.000000 198.000000 0.000000
3 33.422051 10.000000 43.577949 17.000000 160.000000 0.000000
4 33.166660 12.000000 33.166667 10.000000 33.166673 5.000000 205.000000 0.000000
3 53.749988 16.000000 53.750012 11.000000 210.000000 0.000000
3 25.857418 11.000000 25.892582 11.000000 108.500000 0.000000
3 39.249997 17.000000 39.250003 8.000000 150.000000 0.000000
3 29.293039 9.000000 35.206961 13.000000 126.000000 0.000000
3 42.999995 17.000000 43.000005 10.000000 164.000000 0.000000
3 33.992285 7.000000 44.507715 12.000000 165.000000 0.000000
3 17.749993 7.000000 17.750007 6.000000 70.000000 0.000000
3 43.879681 14.000000 51.120319 19.000000 192.000000 0.000000
3 42.999630 13.000000 43.000370 11.000000 171.000000 0.000000
4 27.944021 6.000000 27.997696 6.000000 39.558284 12.000000 190.000000 0.000000
3 28.350977 7.000000 32.149023 9.000000 128.000000 0.000000
3 25.059236 6.000000 35.440764 12.000000 126.000000 0.000000
3 49.298065 14.000000 52.701935 16.000000 205.000000 0.000000
3 35.749997 14.000000 35.750003 6.000000 135.000000 0.000000
3 39.073762 10.000000 49.426238 16.000000 175.000000 0.000000
3 29.402467 5.000000 52.597533 16.000000 170.000000 0.000000
3 31.324857 14.000000 32.425143 15.000000 129.500000 0.000000
3 29.120863 7.000000 38.129137 12.000000 139.500000 0.000000
3 23.867199 6.000000 35.132801 13.000000 116.000000 0.000000
3 18.749998 8.000000 18.750002 5.000000 77.000000 0.000000
3 22.776268 7.000000 27.223732 10.000000 96.000000 0.000000
3 29.624977 10.000000 29.625023 9.000000 122.500000 0.000000
3 25.680419 9.000000 27.069581 10.000000 112.500000 0.000000
3 35.414790 7.000000 50.085210 14.000000 171.000000 0.000000
4 41.044307 12.000000 41.102676 14.000000 41.103017 10.000000 247.500000 0.000000
3 42.749997 17.000000 42.750003 6.000000 165.000000 0.000000
3 21.204862 7.000000 24.045138 9.000000 87.500000 0.000000
3 40.561434 10.000000 44.438566 12.000000 175.000000 0.000000
3 28.249998 12.000000 28.250002 2.000000 108.000000 0.000000
3 29.874974 13.000000 29.875026 12.000000 115.500000 0.000000
3 34.274839 10.000000 48.475161 20.000000 166.500000 0.000000
3 34.749986 11.000000 34.750014 9.000000 135.000000 0.000000
3 33.136673 7.000000 46.863327 14.000000 160.000000 0.000000
3 32.728578 10.000000 32.771422 10.000000 126.000000 0.000000
3 22.852987 7.000000 36.647013 18.000000 126.000000 0.000000
3 25.568926 7.000000 37.431074 15.000000 130.000000 0.000000
3 34.249988 10.000000 34.250012 8.000000 136.000000 0.000000
3 21.454053 3.000000 49.545947 16.000000 150.000000 0.000000
4 34.784771 10.000000 34.784842 9.000000 37.430388 11.000000 220.000000 0.000000
4 34.666660 12.000000 34.666667 9.000000 34.666674 5.000000 215.000000 0.000000
3 27.766016 8.000000 36.733984 14.000000 135.000000 0.000000
3 42.468347 16.000000 42.531653 16.000000 168.000000 0.000000
3 13.499996 6.000000 13.500004 5.000000 52.000000 0.000000
3 37.749994 8.000000 37.750006 3.000000 150.000000 0.000000
4 39.312166 11.000000 39.312801 9.000000 39.375033 10.000000 235.000000 0.000000
3 31.216084 13.000000 33.533916 15.000000 136.500000 0.000000
3 25.177035 9.000000 29.072965 12.000000 108.500000 0.000000
3 40.499982 14.000000 40.500018 12.000000 160.000000 0.000000
3 30.960590 7.000000 43.789410 14.000000 148.500000 0.000000
3 46.158391 14.000000 52.341609 18.000000 196.000000 0.000000
3 20.186823 6.000000 26.063177 10.000000 94.500000 0.000000
4 17.696561 4.000000 25.026717 11.000000 25.026721 5.000000 139.500000 0.000000
3 35.999998 18.000000 36.000002 7.000000 140.000000 0.000000
3 20.999999 11.000000 21.000001 5.000000 84.000000 0.000000
3 30.749995 10.000000 30.750005 6.000000 117.000000 0.000000
3 28.580306 5.000000 40.419694 10.000000 140.000000 0.000000
3 32.499997 17.000000 32.500003 10.000000 132.000000 0.000000
3 39.723748 14.000000 43.776252 17.000000 170.000000 0.000000
3 22.177505 3.000000 54.322495 18.000000 160.000000 0.000000
3 22.781129 6.000000 32.218871 12.000000 116.000000 0.000000
3 40.624992 17.000000 40.625008 13.000000 157.500000 0.000000
3 13.499996 5.000000 13.500004 4.000000 56.000000 0.000000
3 35.945984 13.000000 37.304016 14.000000 143.500000 0.000000
3 19.574239 7.000000 20.925761 8.000000 84.000000 0.000000
3 22.499995 9.000000 22.500005 7.000000 90.000000 0.000000
3 10.338139 4.000000 12.661861 6.000000 49.000000 0.000000
3 39.339711 9.000000 57.160289 19.000000 200.000000 0.000000
3 37.624996 15.000000 37.625004 7.000000 148.500000 0.000000
3 29.933865 9.000000 34.566135 12.000000 136.000000 0.000000
3 23.249998 11.000000 23.250002 5.000000 88.000000 0.000000
3 20.499999 10.000000 20.500001 4.000000 81.000000 0.000000
3 25.749984 11.000000 25.750016 10.000000 102.000000 0.000000
3 24.749996 9.000000 24.750004 6.000000 99.000000 0.000000
3 27.749998 12.000000 27.750002 5.000000 105.000000 0.000000
3 39.624997 20.000000 39.625003 10.000000 150.500000 0.000000
3 44.624656 14.000000 44.625344 9.000000 175.500000 0.000000
3 19.234678 5.000000 31.015322 13.000000 101.500000 0.000000
3 17.657339 5.000000 19.342661 6.000000 72.000000 0.000000
4 37.499994 15.000000 37.500000 10.000000 37.500006 5.000000 225.000000 0.000000
3 36.499995 17.000000 36.500005 12.000000 138.000000 0.000000
3 25.680893 5.000000 36.319107 10.000000 125.000000 0.000000
3 40.152480 10.000000 55.347520 19.000000 198.000000 0.000000
3 39.999982 14.000000 40.000018 12.000000 160.000000 0.000000
3 31.428340 10.000000 43.321660 19.000000 157.500000 0.000000
4 31.833318 11.000000 31.833334 10.000000 31.833347 8.000000 200.000000 0.000000
4 15.994738 3.000000 30.602957 11.000000 30.652305 11.000000 157.500000 0.000000
3 18.365953 7.000000 19.634047 8.000000 78.000000 0.000000
3 33.749997 15.000000 33.750003 8.000000 136.000000 0.000000
3 19.249999 9.000000 19.250001 4.000000 72.000000 0.000000
3 30.217135 5.000000 30.282865 5.000000 120.000000 0.000000
3 29.061934 11.000000 33.938066 15.000000 126.000000 0.000000
3 30.183612 9.000000 31.816388 10.000000 128.000000 0.000000
3 33.756328 8.000000 37.743672 10.000000 144.000000 0.000000
3 19.205755 5.000000 24.294245 8.000000 90.000000 0.000000
3 30.902766 11.000000 33.597234 13.000000 135.000000 0.000000
3 20.999999 10.000000 21.000001 4.000000 84.000000 0.000000
3 21.823654 6.000000 28.176346 10.000000 108.000000 0.000000
3 42.481987 10.000000 50.268013 14.000000 184.500000 0.000000
3 21.217821 7.000000 27.782179 12.000000 96.000000 0.000000
3 12.959517 2.000000 33.040483 13.000000 99.000000 0.000000
3 24.425089 6.000000 33.074911 11.000000 117.000000 0.000000
3 27.817399 3.000000 48.182601 9.000000 155.000000 0.000000
4 33.833328 18.000000 33.833330 4.000000 33.833342 8.000000 200.000000 0.000000
3 32.124997 16.000000 32.125003 9.000000 121.500000 0.000000
3 32.227254 13.000000 32.272746 13.000000 124.000000 0.000000
3 34.256379 11.000000 37.243621 13.000000 145.000000 0.000000
3 24.999998 13.000000 25.000002 5.000000 100.000000 0.000000
3 39.374946 18.000000 39.375054 17.000000 157.500000 0.000000
3 17.922920 3.000000 40.077080 15.000000 125.000000 0.000000
3 25.990939 6.000000 36.759061 12.000000 130.500000 0.000000
3 39.749997 18.000000 39.750003 7.000000 153.000000 0.000000
3 71.183476 19.000000 71.316524 19.000000 285.000000 0.000000
3 37.343614 11.000000 37.406386 11.000000 148.500000 0.000000
3 43.999990 19.000000 44.000010 15.000000 171.000000 0.000000
3 47.249984 15.000000 47.250016 12.000000 188.000000 0.000000
3 26.593769 7.000000 30.156231 9.000000 112.500000 0.000000
3 51.249995 17.000000 51.250005 7.000000 200.000000 0.000000
3 24.499994 6.000000 24.500006 4.000000 99.000000 0.000000
3 23.749996 8.000000 23.750004 5.000000 91.000000 0.000000
3 43.124991 18.000000 43.125009 14.000000 171.500000 0.000000
3 20.339090 6.000000 24.910910 9.000000 94.500000 0.000000
3 38.999989 18.000000 39.000011 15.000000 154.000000 0.000000
3 33.001645 13.000000 34.248355 14.000000 139.500000 0.000000
3 28.842660 7.000000 36.157340 11.000000 135.000000 0.000000
3 33.890768 12.000000 36.609232 14.000000 138.000000 0.000000
3 32.499996 11.000000 32.500004 6.000000 128.000000 0.000000
3 35.700623 13.000000 37.049377 14.000000 148.500000 0.000000
3 18.432360 6.000000 26.067640 12.000000 90.000000 0.000000
3 39.374997 13.000000 39.375003 2.000000 148.500000 0.000000
3 43.499995 14.000000 43.500005 6.000000 170.000000 0.000000
3 14.164074 4.000000 15.835926 5.000000 63.000000 0.000000
3 52.999521 16.000000 53.000479 12.000000 215.000000 0.000000
3 25.249998 8.000000 25.250002 2.000000 99.000000 0.000000
3 48.999972 17.000000 49.000028 15.000000 195.000000 0.000000
3 32.812092 8.000000 40.187908 12.000000 144.000000 0.000000
3 39.624989 15.000000 39.625011 12.000000 157.500000 0.000000
4 23.548951 5.000000 25.796838 6.000000 39.404212 14.000000 184.500000 0.000000
3 29.499998 12.000000 29.500002 3.000000 117.000000 0.000000
3 38.749992 18.000000 38.750008 14.000000 153.000000 0.000000
3 31.211672 8.000000 39.788328 13.000000 140.000000 0.000000
3 31.866172 11.000000 41.883828 19.000000 150.500000 0.000000
3 21.114407 6.000000 33.385593 15.000000 112.000000 0.000000
3 17.722091 5.000000 23.777909 9.000000 84.000000 0.000000
3 28.874978 10.000000 28.875022 9.000000 122.500000 0.000000
3 32.523761 11.000000 39.226239 16.000000 148.500000 0.000000
3 35.193170 13.000000 37.806830 15.000000 147.000000 0.000000
3 38.216877 12.000000 41.283123 14.000000 155.000000 0.000000
3 56.360644 17.000000 61.139356 20.000000 235.000000 0.000000
4 39.312302 19.000000 39.312380 3.000000 39.375319 11.000000 235.000000 0.000000
3 35.249995 13.000000 35.250005 8.000000 135.000000 0.000000
3 39.499688 10.000000 39.500312 8.000000 155.000000 0.000000
3 25.499999 16.000000 25.500001 3.000000 96.000000 0.000000
3 16.590504 4.000000 29.909496 13.000000 99.000000 0.000000
3 32.407475 11.000000 42.592525 19.000000 154.000000 0.000000
3 31.999998 19.000000 32.000002 7.000000 120.000000 0.000000
3 49.249710 17.000000 49.250290 12.000000 200.000000 0.000000
3 13.584584 4.000000 25.415416 14.000000 84.000000 0.000000
3 34.749994 12.000000 34.750006 8.000000 133.000000 0.000000
4 43.685839 14.000000 43.686145 9.000000 44.628016 12.000000 260.000000 0.000000
3 24.999997 12.000000 25.000003 7.000000 104.000000 0.000000
3 33.556034 10.000000 35.193966 11.000000 143.500000 0.000000
3 34.999998 17.000000 35.000002 6.000000 135.000000 0.000000
4 39.583285 13.000000 39.583313 11.000000 39.583403 11.000000 238.500000 0.000000
3 23.119417 5.000000 42.630583 17.000000 139.500000 0.000000
3 53.038515 12.000000 64.961485 18.000000 235.000000 0.000000
4 32.090721 14.000000 32.090725 4.000000 38.568554 13.000000 202.500000 0.000000
3 36.249970 12.000000 36.250030 11.000000 144.000000 0.000000
3 22.874995 10.000000 22.875005 8.000000 87.500000 0.000000
3 46.731282 9.000000 49.268718 10.000000 195.000000 0.000000
3 32.771347 11.000000 34.228653 12.000000 135.000000 0.000000
3 32.999998 16.000000 33.000002 4.000000 126.000000 0.000000
3 29.705058 11.000000 32.294942 13.000000 119.000000 0.000000
3 14.643264 4.000000 28.356736 15.000000 93.000000 0.000000
3 56.211679 15.000000 56.288321 15.000000 225.000000 0.000000
3 13.102957 3.000000 21.397043 8.000000 69.000000 0.000000
4 22.343540 5.000000 35.328228 18.000000 35.328232 7.000000 195.000000 0.000000
3 48.249864 15.000000 48.250136 14.000000 195.000000 0.000000
3 36.727227 12.000000 36.772773 12.000000 150.000000 0.000000
3 32.749993 14.000000 32.750007 11.000000 129.000000 0.000000
3 23.499998 10.000000 23.500002 3.000000 90.000000 0.000000
3 33.249992 16.000000 33.250008 13.000000 133.000000 0.000000
3 24.047353 8.000000 29.452647 12.000000 112.000000 0.000000
3 32.224319 10.000000 32.275681 10.000000 128.000000 0.000000
3 29.749991 10.000000 29.750009 8.000000 117.000000 0.000000
3 41.925817 7.000000 69.074183 19.000000 225.000000 0.000000
3 37.749996 15.000000 37.750004 8.000000 144.000000 0.000000
3 23.072425 6.000000 37.677575 16.000000 130.500000 0.000000
3 36.249995 15.000000 36.250005 10.000000 144.000000 0.000000
3 17.999999 9.000000 18.000001 2.000000 72.000000 0.000000
3 28.242152 6.000000 50.257848 19.000000 162.000000 0.000000
3 43.387786 13.000000 46.612214 15.000000 180.000000 0.000000
3 26.374997 12.000000 26.375003 7.000000 101.500000 0.000000
3 30.168850 6.000000 55.081150 20.000000 175.500000 0.000000
3 34.783986 11.000000 45.716014 19.000000 168.000000 0.000000
3 20.867088 8.000000 22.132912 9.000000 90.000000 0.000000
3 48.749983 16.000000 48.750017 13.000000 195.000000 0.000000
3 23.233203 9.000000 23.266797 9.000000 91.000000 0.000000
3 29.899122 6.000000 38.600878 10.000000 136.000000 0.000000
3 21.749995 9.000000 21.750005 7.000000 91.000000 0.000000
3 24.474259 6.000000 36.025741 13.000000 126.000000 0.000000
3 35.270999 12.000000 40.729001 16.000000 150.000000 0.000000
3 30.999996 13.000000 31.000004 8.000000 120.000000 0.000000
3 48.071328 12.000000 51.928672 14.000000 205.000000 0.000000
3 36.157384 7.000000 47.342616 12.000000 170.000000 0.000000
3 43.963319 13.000000 44.036681 13.000000 180.000000 0.000000
3 23.958337 8.000000 30.541663 13.000000 111.000000 0.000000
3 48.998822 12.000000 49.001178 11.000000 190.000000 0.000000
3 34.874994 12.000000 34.875006 8.000000 136.500000 0.000000
4 29.501461 7.000000 31.541828 8.000000 40.206712 13.000000 211.500000 0.000000
3 10.537026 2.000000 24.712974 11.000000 73.500000 0.000000
3 48.499935 13.000000 48.500065 12.000000 190.000000 0.000000
4 29.826479 10.000000 29.826489 6.000000 33.347031 10.000000 184.000000 0.000000
3 25.171122 10.000000 30.828878 15.000000 116.000000 0.000000
4 39.999984 14.000000 39.999998 11.000000 40.000018 10.000000 243.000000 0.000000
3 18.749999 9.000000 18.750001 4.000000 72.000000 0.000000
3 30.499997 12.000000 30.500003 6.000000 115.000000 0.000000
3 31.749989 11.000000 31.750011 9.000000 132.000000 0.000000
3 37.874995 15.000000 37.875005 9.000000 148.500000 0.000000
3 19.994587 3.000000 36.505413 10.000000 117.000000 0.000000
3 31.999989 11.000000 32.000011 9.000000 128.000000 0.000000
3 22.276844 6.000000 35.223156 15.000000 119.000000 0.000000
3 30.749998 14.000000 30.750002 6.000000 119.000000 0.000000
4 24.664921 8.000000 24.664926 3.000000 37.920154 13.000000 175.500000 0.000000
3 53.880192 13.000000 61.619808 17.000000 235.000000 0.000000
3 46.874994 16.000000 46.875006 8.000000 184.500000 0.000000
3 27.249998 11.000000 27.250002 5.000000 108.000000 0.000000
3 25.749999 18.000000 25.750001 3.000000 96.000000 0.000000
3 20.999997 9.000000 21.000003 6.000000 84.000000 0.000000
3 22.850142 5.000000 35.399858 12.000000 122.500000 0.000000
3 18.999998 7.000000 19.000002 3.000000 72.000000 0.000000
3 42.624996 17.000000 42.625004 7.000000 166.500000 0.000000
3 38.499995 14.000000 38.500005 8.000000 152.000000 0.000000
4 42.977965 13.000000 42.978727 11.000000 43.043308 12.000000 265.000000 0.000000
3 22.999997 10.000000 23.000003 6.000000 93.000000 0.000000
3 29.999994 10.000000 30.000006 7.000000 120.000000 0.000000
3 32.749997 17.000000 32.750003 9.000000 126.000000 0.000000
3 30.499998 12.000000 30.500002 2.000000 117.000000 0.000000
3 11.749939 2.000000 23.500061 8.000000 73.500000 0.000000
3 26.999993 6.000000 27.000007 4.000000 104.000000 0.000000
3 27.576973 10.000000 28.923027 11.000000 112.000000 0.000000
3 37.249951 16.000000 37.250049 15.000000 147.000000 0.000000
3 35.499991 13.000000 35.500009 10.000000 135.000000 0.000000
3 33.447385 8.000000 47.302615 16.000000 166.500000 0.000000
3 42.249980 15.000000 42.250020 13.000000 168.000000 0.000000
4 24.666650 7.000000 24.666670 7.000000 24.666680 5.000000 152.000000 0.000000
3 50.835140 17.000000 50.914860 17.000000 202.500000 0.000000
4 43.456780 19.000000 43.456786 5.000000 48.586434 15.000000 270.000000 0.000000
3 19.249996 5.000000 19.250004 3.000000 75.000000 0.000000
4 40.376280 13.000000 40.376718 10.000000 41.247001 12.000000 245.000000 0.000000
3 30.379711 12.000000 31.620289 13.000000 126.000000 0.000000
3 30.506612 7.000000 38.243388 11.000000 139.500000 0.000000
3 24.878362 6.000000 32.121638 10.000000 115.000000 0.000000
3 22.493515 7.000000 25.506485 9.000000 99.000000 0.000000
3 23.749998 12.000000 23.750002 5.000000 90.000000 0.000000
3 31.249993 11.000000 31.250007 8.000000 120.000000 0.000000
3 9.629369 2.000000 26.370631 15.000000 80.000000 0.000000
3 52.452612 16.000000 52.547388 16.000000 207.000000 0.000000
3 37.749990 11.000000 37.750010 8.000000 150.000000 0.000000
3 29.311294 6.000000 39.688706 11.000000 140.000000 0.000000
3 27.979834 11.000000 28.020166 11.000000 117.000000 0.000000
3 30.814853 11.000000 32.185147 12.000000 126.000000 0.000000
3 17.724595 4.000000 28.025405 10.000000 94.500000 0.000000
3 33.136671 7.000000 46.863329 14.000000 162.000000 0.000000
3 21.374995 10.000000 21.375005 8.000000 87.500000 0.000000
3 34.124997 17.000000 34.125003 9.000000 130.500000 0.000000
3 20.749999 11.000000 20.750001 3.000000 84.000000 0.000000
3 21.538866 5.000000 30.461134 10.000000 108.000000 0.000000
3 24.021412 8.000000 25.478588 9.000000 96.000000 0.000000
3 29.064524 7.000000 36.435476 11.000000 132.000000 0.000000
3 24.749996 11.000000 24.750004 8.000000 96.000000 0.000000
3 23.624986 10.000000 23.625014 9.000000 94.500000 0.000000
3 19.215251 4.000000 23.534749 6.000000 85.500000 0.000000
4 35.259530 10.000000 35.259558 8.000000 38.980912 11.000000 220.000000 0.000000
3 32.584288 12.000000 33.915712 13.000000 136.000000 0.000000
3 47.874937 14.000000 47.875063 13.000000 184.500000 0.000000
3 29.412000 7.000000 45.838000 17.000000 157.500000 0.000000
3 42.999995 14.000000 43.000005 7.000000 170.000000 0.000000
3 21.537141 3.000000 30.462859 6.000000 104.000000 0.000000
3 32.624998 18.000000 32.625002 8.000000 122.500000 0.000000
3 37.437953 7.000000 54.812047 15.000000 184.500000 0.000000
3 46.124996 18.000000 46.125004 7.000000 175.500000 0.000000
3 61.249866 16.000000 61.250134 15.000000 245.000000 0.000000
3 32.499998 18.000000 32.500002 6.000000 126.000000 0.000000
3 37.090587 9.000000 37.159413 9.000000 148.500000 0.000000
4 41.099279 10.000000 45.950255 13.000000 45.950466 12.000000 275.000000 0.000000
3 24.786429 8.000000 27.713571 10.000000 105.000000 0.000000
3 48.999995 17.000000 49.000005 8.000000 195.000000 0.000000
3 27.999997 15.000000 28.000003 9.000000 105.000000 0.000000
3 31.499996 13.000000 31.500004 8.000000 126.000000 0.000000
3 32.749998 13.000000 32.750002 4.000000 125.000000 0.000000
3 33.999997 10.000000 34.000003 3.000000 135.000000 0.000000
3 22.024621 6.000000 26.975379 9.000000 102.000000 0.000000
3 25.999998 15.000000 26.000002 6.000000 99.000000 0.000000
3 34.249995 15.000000 34.250005 10.000000 132.000000 0.000000
3 32.374997 11.000000 32.375003 3.000000 130.500000 0.000000
3 21.499997 7.000000 21.500003 4.000000 84.000000 0.000000
3 20.707324 5.000000 37.042676 16.000000 121.500000 0.000000
3 34.249988 9.000000 34.250012 7.000000 132.000000 0.000000
3 24.124996 9.000000 24.125004 6.000000 94.500000 0.000000
3 22.189832 8.000000 24.810168 10.000000 92.000000 0.000000
3 35.874986 16.000000 35.875014 14.000000 143.500000 0.000000
3 32.584288 12.000000 33.915712 13.000000 136.000000 0.000000
3 32.254462 12.000000 37.245538 16.000000 144.000000 0.000000
3 34.273037 14.000000 35.476963 15.000000 143.500000 0.000000
3 27.617584 4.000000 30.882416 5.000000 120.000000 0.000000
3 46.058731 12.000000 47.941269 13.000000 190.000000 0.000000
3 28.249998 15.000000 28.250002 5.000000 108.000000 0.000000
3 39.249984 11.000000 39.250016 9.000000 155.000000 0.000000
3 22.999988 9.000000 23.000012 8.000000 91.000000 0.000000
4 17.534389 2.000000 30.370606 6.000000 49.595005 16.000000 205.000000 0.000000
3 29.124998 16.000000 29.125002 6.000000 108.500000 0.000000
3 35.124998 16.000000 35.125002 5.000000 136.500000 0.000000
3 31.513847 8.000000 35.236153 10.000000 139.500000 0.000000
3 38.749995 16.000000 38.750005 10.000000 154.000000 0.000000
3 57.249962 14.000000 57.250038 12.000000 225.000000 0.000000
3 22.354430 6.000000 24.145570 7.000000 93.000000 0.000000
3 25.999999 15.000000 26.000001 4.000000 100.000000 0.000000
3 22.749988 7.000000 22.750012 6.000000 90.000000 0.000000
3 33.124324 13.000000 34.375676 14.000000 133.000000 0.000000
4 25.533327 6.000000 29.483334 12.000000 29.483339 4.000000 180.000000 0.000000
3 27.749999 16.000000 27.750001 4.000000 105.000000 0.000000
3 55.999994 19.000000 56.000006 9.000000 220.000000 0.000000
3 28.165368 6.000000 39.834632 12.000000 140.000000 0.000000
3 28.315664 6.000000 41.684336 13.000000 140.000000 0.000000
3 28.604048 6.000000 30.895952 7.000000 120.000000 0.000000
3 40.124995 14.000000 40.125005 8.000000 157.500000 0.000000
4 27.556547 6.000000 27.599054 6.000000 31.844399 8.000000 180.000000 0.000000
3 40.749997 19.000000 40.750003 7.000000 160.000000 0.000000
3 27.146426 11.000000 28.353574 12.000000 108.000000 0.000000
3 40.723286 12.000000 40.776714 12.000000 164.000000 0.000000
4 21.666664 12.000000 21.666666 2.000000 21.666670 4.000000 124.000000 0.000000
3 14.044099 4.000000 22.205901 10.000000 73.500000 0.000000
4 35.066194 12.000000 35.066202 5.000000 43.367604 13.000000 230.000000 0.000000
4 33.073435 9.000000 34.862461 10.000000 36.564103 11.000000 215.000000 0.000000
3 33.354736 12.000000 33.395264 12.000000 129.500000 0.000000
3 39.976962 15.000000 40.023038 15.000000 160.000000 0.000000
3 41.374994 16.000000 41.375006 10.000000 166.500000 0.000000
3 19.752054 6.000000 33.247946 17.000000 114.000000 0.000000
3 26.231203 10.000000 26.268797 10.000000 108.000000 0.000000
3 47.999994 14.000000 48.000006 6.000000 185.000000 0.000000
3 43.374997 19.000000 43.375003 7.000000 166.500000 0.000000
4 37.726998 9.000000 41.708621 11.000000 43.564381 12.000000 250.000000 0.000000
3 41.499959 14.000000 41.500041 13.000000 164.000000 0.000000
3 38.999995 16.000000 39.000005 10.000000 152.000000 0.000000
3 37.499998 16.000000 37.500002 4.000000 144.000000 0.000000
3 19.221633 5.000000 29.778367 12.000000 105.000000 0.000000
3 30.195873 6.000000 52.304127 18.000000 171.000000 0.000000
3 36.374998 18.000000 36.375002 7.000000 139.500000 0.000000
3 42.978889 9.000000 47.521111 11.000000 175.000000 0.000000
3 27.305583 5.000000 45.694417 14.000000 150.000000 0.000000
3 20.296366 3.000000 26.203634 5.000000 95.000000 0.000000
3 22.201162 5.000000 35.798838 13.000000 120.000000 0.000000
3 20.498669 7.000000 24.501331 10.000000 91.000000 0.000000
3 45.249593 16.000000 45.250407 11.000000 180.000000 0.000000
4 20.214904 4.000000 30.322079 9.000000 31.963016 10.000000 171.000000 0.000000
3 32.604800 11.000000 32.645200 11.000000 129.500000 0.000000
3 18.984061 4.000000 35.515939 14.000000 116.000000 0.000000
3 40.499988 12.000000 40.500012 9.000000 162.000000 0.000000
4 41.373846 12.000000 41.373991 11.000000 47.252163 15.000000 270.000000 0.000000
3 38.249998 17.000000 38.250002 2.000000 145.000000 0.000000
3 26.113999 9.000000 31.386001 13.000000 123.000000 0.000000
3 42.213582 9.000000 56.286418 16.000000 200.000000 0.000000
3 18.027768 6.000000 19.472232 7.000000 75.000000 0.000000
3 31.874996 16.000000 31.875004 11.000000 129.500000 0.000000
3 27.331423 7.000000 32.668577 10.000000 125.000000 0.000000
3 28.749991 11.000000 28.750009 9.000000 119.000000 0.000000
3 37.249990 15.000000 37.250010 12.000000 147.000000 0.000000
3 31.216725 12.000000 39.283275 19.000000 144.000000 0.000000
3 34.563534 11.000000 41.686466 16.000000 157.500000 0.000000
3 26.249984 8.000000 26.250016 7.000000 104.000000 0.000000
3 29.999990 11.000000 30.000010 9.000000 120.000000 0.000000
3 24.880492 5.000000 40.119508 13.000000 136.000000 0.000000
3 20.999999 15.000000 21.000001 3.000000 77.000000 0.000000
3 14.499999 7.000000 14.500001 4.000000 56.000000 0.000000
3 32.617767 9.000000 34.382233 10.000000 140.000000 0.000000
3 17.192276 2.000000 21.057724 3.000000 76.500000 0.000000
4 46.002688 14.000000 46.004418 13.000000 48.492894 15.000000 280.000000 0.000000
3 7.167305 2.000000 11.332695 5.000000 39.000000 0.000000
3 42.499994 14.000000 42.500006 8.000000 170.000000 0.000000
3 16.363849 5.000000 26.386151 13.000000 87.500000 0.000000
3 46.874621 16.000000 46.875379 12.000000 184.500000 0.000000
3 27.930601 9.000000 33.569399 13.000000 124.000000 0.000000
3 46.249985 14.000000 46.250015 11.000000 185.000000 0.000000
3 34.535124 9.000000 47.464876 17.000000 165.000000 0.000000
4 30.166663 14.000000 30.166667 10.000000 30.166670 4.000000 180.000000 0.000000
3 40.644199 11.000000 45.855801 14.000000 171.000000 0.000000
3 25.999997 10.000000 26.000003 6.000000 105.000000 0.000000
3 41.249997 20.000000 41.250003 7.000000 161.000000 0.000000
4 18.499994 6.000000 18.500001 6.000000 18.500005 3.000000 112.000000 0.000000
4 36.900288 13.000000 36.900294 5.000000 49.199418 16.000000 255.000000 0.000000
3 30.089704 11.000000 37.410296 17.000000 140.000000 0.000000
3 37.249994 10.000000 37.250006 5.000000 144.000000 0.000000
3 45.210250 12.000000 45.289750 12.000000 180.000000 0.000000
3 44.999977 14.000000 45.000023 12.000000 180.000000 0.000000
3 17.390070 5.000000 31.109930 16.000000 105.000000 0.000000
3 29.899307 9.000000 38.600693 15.000000 144.000000 0.000000
4 32.666663 15.000000 32.666667 10.000000 32.666671 4.000000 198.000000 0.000000
3 35.999995 16.000000 36.000005 11.000000 136.000000 0.000000
3 37.172939 11.000000 38.827061 12.000000 156.000000 0.000000
3 28.732474 6.000000 49.767526 18.000000 164.000000 0.000000
3 48.513306 14.000000 57.986694 20.000000 215.000000 0.000000
3 24.019103 4.000000 37.980897 10.000000 125.000000 0.000000
3 7.416579 2.000000 9.083421 3.000000 34.000000 0.000000
3 30.499998 12.000000 30.500002 3.000000 119.000000 0.000000
3 21.749995 8.000000 21.750005 6.000000 85.000000 0.000000
3 19.499999 11.000000 19.500001 3.000000 75.000000 0.000000
3 36.874985 15.000000 36.875015 13.000000 150.500000 0.000000
3 52.167700 16.000000 55.332300 18.000000 215.000000 0.000000
3 29.249996 12.000000 29.250004 8.000000 117.000000 0.000000
3 34.749996 13.000000 34.750004 7.000000 140.000000 0.000000
3 39.969110 14.000000 40.030890 14.000000 160.000000 0.000000
3 31.374993 12.000000 31.375007 9.000000 129.500000 0.000000
3 35.979718 15.000000 36.020282 15.000000 144.000000 0.000000
3 10.463610 3.000000 20.036390 11.000000 66.000000 0.000000
3 26.749998 13.000000 26.750002 6.000000 105.000000 0.000000
3 15.698643 4.000000 28.301357 13.000000 90.000000 0.000000
3 42.041135 11.000000 45.708865 13.000000 175.500000 0.000000
3 23.796650 6.000000 25.703350 7.000000 98.000000 0.000000
3 39.674224 17.000000 40.825776 18.000000 161.000000 0.000000
3 44.499978 13.000000 44.500022 11.000000 175.000000 0.000000
3 21.749998 8.000000 21.750002 2.000000 84.000000 0.000000
3 33.475283 8.000000 33.524717 8.000000 130.000000 0.000000
3 24.018170 7.000000 32.731830 13.000000 115.500000 0.000000
3 36.499963 12.000000 36.500037 11.000000 140.000000 0.000000
3 18.487123 8.000000 18.512877 8.000000 80.000000 0.000000
3 25.499996 8.000000 25.500004 5.000000 104.000000 0.000000
3 25.499996 11.000000 25.500004 8.000000 99.000000 0.000000
3 32.362757 10.000000 39.637243 15.000000 150.000000 0.000000
3 38.156649 6.000000 60.343351 15.000000 205.000000 0.000000
3 14.499996 6.000000 14.500004 5.000000 54.000000 0.000000
3 34.841858 13.000000 36.158142 14.000000 140.000000 0.000000
3 18.884580 4.000000 21.115420 5.000000 80.000000 0.000000
3 31.624995 11.000000 31.625005 7.000000 121.500000 0.000000
3 38.749996 18.000000 38.750004 10.000000 156.000000 0.000000
4 25.957420 6.000000 29.021269 8.000000 29.021311 7.000000 175.000000 0.000000
3 28.003609 7.000000 40.996391 15.000000 140.000000 0.000000
3 20.652029 6.000000 23.847971 8.000000 90.000000 0.000000
3 48.999993 17.000000 49.000007 10.000000 195.000000 0.000000
3 17.999999 7.000000 18.000001 2.000000 70.000000 0.000000
3 30.729284 9.000000 30.770716 9.000000 126.000000 0.000000
3 50.999993 18.000000 51.000007 10.000000 205.000000 0.000000
3 44.869201 14.000000 53.630799 20.000000 200.000000 0.000000
3 28.034484 10.000000 31.965516 13.000000 128.000000 0.000000
3 27.749995 11.000000 27.750005 8.000000 112.000000 0.000000
3 29.499996 10.000000 29.500004 5.000000 115.000000 0.000000
3 28.999997 10.000000 29.000003 5.000000 117.000000 0.000000
3 46.056749 16.000000 50.193251 19.000000 193.500000 0.000000
3 29.433729 4.000000 55.066271 14.000000 170.000000 0.000000
3 32.340012 11.000000 35.159988 13.000000 135.000000 0.000000
3 22.597721 6.000000 36.902279 16.000000 124.000000 0.000000
3 28.249997 11.000000 28.250003 5.000000 108.000000 0.000000
3 27.205539 6.000000 45.794461 17.000000 152.000000 0.000000
3 39.286204 11.000000 42.713796 13.000000 168.000000 0.000000
3 51.465344 12.000000 63.034656 18.000000 230.000000 0.000000
3 15.624998 5.000000 15.625002 3.000000 62.500000 0.000000
3 12.261850 3.000000 21.238150 9.000000 66.000000 0.000000
3 35.551667 10.000000 38.948333 12.000000 145.000000 0.000000
3 34.154999 9.000000 44.095001 15.000000 157.500000 0.000000
3 30.459108 10.000000 36.040892 14.000000 135.000000 0.000000
3 44.499993 19.000000 44.500007 13.000000 172.000000 0.000000
3 28.662747 11.000000 32.337253 14.000000 117.000000 0.000000
3 42.249997 17.000000 42.250003 3.000000 160.000000 0.000000
3 23.499996 10.000000 23.500004 7.000000 93.000000 0.000000
3 32.888847 13.000000 37.611153 17.000000 144.000000 0.000000
3 43.624995 16.000000 43.625005 9.000000 166.500000 0.000000
3 26.249998 10.000000 26.250002 2.000000 100.000000 0.000000
3 34.979885 14.000000 35.020115 14.000000 144.000000 0.000000
3 19.259794 6.000000 22.240206 8.000000 85.000000 0.000000
3 22.392522 9.000000 25.857478 12.000000 101.500000 0.000000
3 37.690662 8.000000 53.309338 16.000000 185.000000 0.000000
3 29.999995 14.000000 30.000005 10.000000 119.000000 0.000000
3 40.499989 10.000000 40.500011 7.000000 162.000000 0.000000
4 36.102986 12.000000 36.103116 4.000000 38.293898 9.000000 225.000000 0.000000
3 28.970531 10.000000 34.279469 14.000000 129.500000 0.000000
3 26.499983 10.000000 26.500017 9.000000 104.000000 0.000000
3 33.629425 8.000000 42.870575 13.000000 155.000000 0.000000
4 17.670787 7.000000 17.670790 3.000000 20.908423 7.000000 112.500000 0.000000
3 28.479702 9.000000 30.020298 10.000000 120.000000 0.000000
3 34.793530 8.000000 49.206470 16.000000 175.000000 0.000000
3 24.075031 4.000000 39.924969 11.000000 130.000000 0.000000
3 28.889692 9.000000 33.360308 12.000000 122.500000 0.000000
3 19.188439 3.000000 29.311561 7.000000 100.000000 0.000000
3 20.934637 6.000000 30.815363 13.000000 108.500000 0.000000
3 35.499997 14.000000 35.500003 6.000000 140.000000 0.000000
3 33.249994 14.000000 33.250006 10.000000 126.000000 0.000000
3 32.785324 9.000000 43.714676 16.000000 156.000000 0.000000
3 43.229078 15.000000 46.020922 17.000000 178.500000 0.000000
3 17.754596 6.000000 21.745404 9.000000 81.000000 0.000000
3 53.749990 15.000000 53.750010 9.000000 215.000000 0.000000
3 42.218535 16.000000 42.281465 16.000000 172.000000 0.000000
3 33.591430 9.000000 35.408570 10.000000 140.000000 0.000000
3 36.999996 13.000000 37.000004 6.000000 140.000000 0.000000
3 42.499987 17.000000 42.500013 14.000000 168.000000 0.000000
3 32.999994 13.000000 33.000006 9.000000 136.000000 0.000000
3 32.249993 8.000000 32.250007 5.000000 125.000000 0.000000
3 35.749986 13.000000 35.750014 11.000000 140.000000 0.000000
3 45.999997 18.000000 46.000003 5.000000 180.000000 0.000000
3 33.251177 8.000000 51.248823 19.000000 176.000000 0.000000
3 22.024610 6.000000 26.975390 9.000000 100.000000 0.000000
3 35.499995 11.000000 35.500005 6.000000 144.000000 0.000000
3 30.636429 7.000000 40.113571 12.000000 139.500000 0.000000
3 37.249997 16.000000 37.250003 8.000000 144.000000 0.000000
3 20.374996 9.000000 20.375004 7.000000 80.500000 0.000000
3 42.499950 14.000000 42.500050 13.000000 164.000000 0.000000
3 25.249999 18.000000 25.250001 4.000000 93.000000 0.000000
3 16.309225 5.000000 24.190775 11.000000 84.000000 0.000000
4 42.666656 16.000000 42.666665 10.000000 42.666679 9.000000 255.000000 0.000000
3 29.999977 9.000000 30.000023 8.000000 125.000000 0.000000
3 30.115277 8.000000 36.884723 12.000000 140.000000 0.000000
3 19.251582 5.000000 35.498418 17.000000 115.500000 0.000000
3 17.751547 4.000000 30.748453 12.000000 99.000000 0.000000
3 23.358403 10.000000 23.391597 10.000000 94.500000 0.000000
3 36.874985 16.000000 36.875015 14.000000 150.500000 0.000000
3 21.945955 6.000000 32.304045 13.000000 108.500000 0.000000
3 28.374976 10.000000 28.375024 9.000000 112.500000 0.000000
3 36.749991 16.000000 36.750009 13.000000 147.000000 0.000000
3 36.600989 11.000000 36.649011 11.000000 148.500000 0.000000
3 33.249994 14.000000 33.250006 10.000000 128.000000 0.000000
3 25.640456 4.000000 52.859544 17.000000 165.000000 0.000000
3 14.076611 3.000000 18.173389 5.000000 67.500000 0.000000
3 27.999973 11.000000 28.000027 10.000000 116.000000 0.000000
3 24.160362 10.000000 25.339638 11.000000 99.000000 0.000000
3 39.874611 12.000000 39.875389 9.000000 157.500000 0.000000
3 25.477253 8.000000 27.022747 9.000000 105.000000 0.000000
3 32.249968 13.000000 32.250032 12.000000 124.000000 0.000000
3 57.501689 19.000000 58.998311 20.000000 234.000000 0.000000
3 26.249983 10.000000 26.250017 9.000000 102.000000 0.000000
3 19.624997 9.000000 19.625003 6.000000 80.500000 0.000000
3 39.619507 10.000000 46.880493 14.000000 170.000000 0.000000
3 20.903702 4.000000 43.096298 17.000000 135.000000 0.000000
3 30.595747 5.000000 47.404253 12.000000 160.000000 0.000000
3 43.249625 12.000000 43.250375 10.000000 170.000000 0.000000
3 20.879300 3.000000 38.120700 10.000000 120.000000 0.000000
3 25.249168 5.000000 42.250832 14.000000 135.000000 0.000000
3 33.870244 8.000000 46.379756 15.000000 166.500000 0.000000
4 33.332768 11.000000 33.332935 6.000000 33.334297 8.000000 210.000000 0.000000
3 41.749991 16.000000 41.750009 12.000000 165.000000 0.000000
3 31.347010 5.000000 39.652990 8.000000 145.000000 0.000000
3 45.499977 17.000000 45.500023 15.000000 180.000000 0.000000
4 38.694970 10.000000 39.652445 15.000000 39.652585 6.000000 245.000000 0.000000
3 32.635132 8.000000 34.614868 9.000000 130.500000 0.000000
3 30.999980 8.000000 31.000020 7.000000 125.000000 0.000000
3 46.749993 17.000000 46.750007 11.000000 189.000000 0.000000
3 40.485158 13.000000 42.014842 14.000000 164.000000 0.000000
3 25.569534 6.000000 40.430466 15.000000 140.000000 0.000000
3 32.124973 11.000000 32.125027 10.000000 129.500000 0.000000
3 35.124964 10.000000 35.125036 9.000000 139.500000 0.000000
3 18.322692 5.000000 27.177308 11.000000 100.000000 0.000000
3 14.494887 2.000000 35.505113 12.000000 105.000000 0.000000
4 18.192562 3.000000 26.778702 7.000000 26.778736 6.000000 148.500000 0.000000
3 29.249998 14.000000 29.250002 5.000000 111.000000 0.000000
3 23.243573 8.000000 27.256427 11.000000 99.000000 0.000000
3 32.349595 5.000000 59.650405 17.000000 190.000000 0.000000
3 32.486271 9.000000 37.513729 12.000000 140.000000 0.000000
4 34.083327 13.000000 34.083334 9.000000 34.083339 5.000000 202.500000 0.000000
3 29.231859 10.000000 29.268141 10.000000 119.000000 0.000000
3 21.050420 4.000000 37.949580 13.000000 126.000000 0.000000
3 35.499986 15.000000 35.500014 13.000000 140.000000 0.000000
3 22.979763 6.000000 23.020237 6.000000 91.000000 0.000000
3 46.864511 13.000000 48.635489 14.000000 195.000000 0.000000
3 22.624995 10.000000 22.625005 8.000000 87.500000 0.000000
3 24.799603 8.000000 37.200397 18.000000 129.000000 0.000000
3 34.059570 8.000000 39.940430 11.000000 145.000000 0.000000
3 20.249996 7.000000 20.250004 5.000000 80.000000 0.000000
3 29.249996 14.000000 29.250004 10.000000 112.000000 0.000000
3 33.874994 11.000000 33.875006 7.000000 139.500000 0.000000
3 16.499999 8.000000 16.500001 3.000000 60.000000 0.000000
3 23.999999 13.000000 24.000001 2.000000 87.000000 0.000000
3 29.529321 10.000000 30.970679 11.000000 126.000000 0.000000
3 27.499992 10.000000 27.500008 8.000000 112.000000 0.000000
3 27.604421 10.000000 27.645579 10.000000 115.500000 0.000000
3 23.599380 7.000000 30.900620 12.000000 112.000000 0.000000
3 27.499998 14.000000 27.500002 5.000000 105.000000 0.000000
3 26.999996 12.000000 27.000004 8.000000 105.000000 0.000000
3 35.249995 10.000000 35.250005 5.000000 140.000000 0.000000
3 43.967612 17.000000 44.032388 17.000000 176.000000 0.000000
3 24.624998 9.000000 24.625002 4.000000 94.500000 0.000000
3 24.585047 9.000000 25.914953 10.000000 99.000000 0.000000
3 47.962538 15.000000 49.537462 16.000000 196.000000 0.000000
3 33.523149 10.000000 44.976851 18.000000 162.000000 0.000000
3 47.962536 15.000000 49.537464 16.000000 196.000000 0.000000
3 27.124995 7.000000 27.125005 4.000000 103.500000 0.000000
3 26.749992 11.000000 26.750008 9.000000 112.000000 0.000000
3 33.289940 12.000000 35.960060 14.000000 139.500000 0.000000
3 42.639911 11.000000 46.360089 13.000000 180.000000 0.000000
3 42.696236 12.000000 49.303764 16.000000 180.000000 0.000000
3 19.963863 5.000000 26.786137 9.000000 94.500000 0.000000
3 43.499992 16.000000 43.500008 11.000000 170.000000 0.000000
3 45.558854 12.000000 50.941146 15.000000 198.000000 0.000000
3 41.285971 11.000000 48.214029 15.000000 185.000000 0.000000
