12
0.07634273665702053 0.041999999999999996 0.049559123069603764 0.0135 0.9 0.01
0.8204650433829218 0.21000000000000002 0.4965442552501997 0.0675 10.0 0.05
0.07634273665702053 0.041999999999999996 0.049559123069603764 0.0135 0.9 0.01
606.7588258846014 16.049999999999997 335.91956354188363 4.8500000000000005 7500.0 0.05
1048.719419643457 16.049999999999997 830.7654816522385 10.0 15000.0 0.05
1771.501293652433 16.049999999999997 1982.2907176789674 20.0 30000.0 0.05
1.1303108151304502 0.01 36.36984961504699 9.1 30.0 0.01
1.2397241961422971 0.05 48.761077954744884 45.5 400.0 0.05
1.1303108151304502 0.01 36.36984961504699 9.1 30.0 0.01
0.0433769675801746 0.01 0.083434179291649 0.031 1.0 0.01
0.6696715558567664 0.05 1.2143841785023515 0.155 15.0 0.05
0.0433769675801746 0.01 0.083434179291649 0.031 1.0 0.01
