0.2917297679777681 0.041999999999999996 0.1716720917488562 0.0135 0.9 0.01
0.07826080071575318 0.34 0.08680372790416502 0.0775 0.9 0.01
3.2136542802801173 0.21000000000000002 1.8533550183530045 0.0675 10.0 0.05
0.9510030459630581 0.45 4.10282731512919 4.55 10.0 0.05
1.9142168823718009 1.7 1.1611057607277901 0.3875 5.0 0.05
0.2917297679777681 0.041999999999999996 0.1716720917488562 0.0135 0.9 0.01
0.3490008680567372 0.34 0.21606366056318105 0.0775 0.9 0.01
16.89049660021055 0.05 2983.1096605199573 1250.0 6000.0 0.05
2443.8907900143354 1250.0 1022.3226380692845 145.0 6000.0 0.05
2421.614933297599 16.049999999999997 1333.563456128886 4.8500000000000005 7500.0 0.05
4192.341823168317 16.049999999999997 3312.1430781273775 10.0 15000.0 0.05
7087.40502926011 16.049999999999997 7916.386982071293 20.0 30000.0 0.05
4.739989807456776 0.01 145.26017062272064 9.1 30.0 0.01
6.052629519244066 0.05 193.94817263164313 45.5 400.0 0.05
53.91910213504252 30.55 150.88646586211465 145.0 400.0 0.05
4.739989807456776 0.01 145.26017062272064 9.1 30.0 0.01
0.17921298296694266 0.01 0.322598163904881 0.031 1.0 0.01
0.03443036373038345 0.01 0.4660997419467587 0.7110000000000001 1.0 0.01
0.06707720007359497 0.041 0.4369641889095312 0.68 1.0 0.01
2.7072117866582865 0.05 4.8018439477008314 0.155 15.0 0.05
0.7022574957940799 0.05 6.80039303259163 3.555 15.0 0.05
2.799647575444939 0.205 12.22055936947069 3.4 30.0 0.05
0.4747312259900136 0.05 7.027284617857078 6.5 15.0 0.05
0.17921298296694266 0.01 0.322598163904881 0.031 1.0 0.01
0.03443036373038345 0.01 0.4660997419467587 0.7110000000000001 1.0 0.01
0.06707720007359497 0.041 0.4369641889095312 0.68 1.0 0.01
