0.463875 0.0555 0.9 0.01
0.554375 0.41750000000000004 0.9 0.01
5.069375 0.2775 10.0 0.05
6.25 5.0 10.0 0.05
3.021875 2.0875 5.0 0.05
0.463875 0.0555 0.9 0.01
0.554375 0.41750000000000004 0.9 0.01
3312.5125 1250.0500000000002 6000.0 0.05
3348.75 1395.0 6000.0 0.05
3755.225 20.9 7500.0 0.05
7506.512500000001 26.05 15000.0 0.05
15009.0125 36.05 30000.0 0.05
17.2775 9.11 30.0 0.01
211.38750000000002 45.55 400.0 0.05
243.88750000000002 175.55 400.0 0.05
17.2775 9.11 30.0 0.01
0.51025 0.041 1.0 0.01
0.68025 0.721 1.0 0.01
0.68025 0.721 1.0 0.01
0.1691665 0.01 0.333333 3.1
7.55125 0.205 15.0 0.05
8.40125 3.605 15.0 0.05
15.90125 3.605 30.0 0.05
9.1375 6.550000000000001 15.0 0.05
5.0125 0.05 10.0 15.5
0.51025 0.041 1.0 0.01
0.68025 0.721 1.0 0.01
0.68025 0.721 1.0 0.01
0.1691665 0.01 0.333333 3.1
